sampleID	isIncluded	subjectID	measurementID	perturbID	exptblock	intv
1	1	1	0	0	1	0
2	1	1	1	0	1	0
3	1	1	1.5	0	1	0
4	1	1	2	0	1	0
5	1	1	2.5	0	1	0
6	1	1	3	0	1	0
7	1	1	3.5	0	1	0
8	1	1	4	0	1	0
9	1	1	4.5	0	1	0
10	1	1	5	0	1	0
11	1	1	6	0	1	0
12	1	1	7	0	1	0
13	1	1	8	0	1	0
14	1	1	9	0	1	0
15	1	1	10	0	1	0
16	1	1	11	0	1	0
17	1	1	14	0	1	0
18	1	1	16	0	1	0
19	1	1	18	0	1	0
20	1	1	21	0	1	0
21	1	1	21.5	1	1	0
22	1	1	22	1	1	0
23	1	1	22.5	1	1	0
24	1	1	23	1	1	0
25	1	1	23.5	1	1	0
26	1	1	24	1	1	0
27	1	1	25	1	1	0
28	1	1	29	1	1	0
29	1	1	29.5	1	1	0
30	1	1	30	1	1	0
31	1	1	30.5	1	1	0
32	1	1	31	1	1	0
33	1	1	31.5	1	1	0
34	1	1	32	1	1	0
35	1	1	33	1	1	0
36	1	1	35	1	1	0
37	1	1	35.5	1	1	0
38	1	1	36	1	1	0
39	1	1	36.5	1	1	0
40	1	1	37	1	1	0
41	1	1	37.5	1	1	0
42	1	1	38	1	1	0
43	1	1	39	1	1	0
44	1	1	42	1	1	0
45	1	1	42.5	1	1	0
46	1	1	43	1	1	0
47	1	1	43.5	1	1	0
48	1	1	44	1	1	0
49	1	1	44.5	1	1	0
50	1	1	45	1	1	0
51	1	1	45.5	1	1	0
52	1	1	46	1	1	0
53	1	1	47	1	1	0
54	1	1	50	1	1	0
55	1	1	50.5	1	1	0
56	1	1	51	1	1	0
57	1	1	51.5	1	1	0
58	1	1	52	1	1	0
59	1	1	52.5	1	1	0
60	1	1	53	1	1	0
61	1	1	54	1	1	0
62	1	1	57	1	1	0
63	1	1	58	1	1	0
64	1	1	58.5	1	1	0
65	1	1	59	1	1	0
66	1	1	59.5	1	1	0
67	1	1	60	1	1	0
68	1	1	60.5	1	1	0
69	1	1	61	1	1	0
70	1	1	62	1	1	0
71	1	1	63	1	1	0
72	1	1	64	1	1	0
73	1	1	64.5	1	1	0
74	1	2	0	0	1	0
75	1	2	1	0	1	0
76	1	2	1.5	0	1	0
77	1	2	2	0	1	0
78	1	2	2.5	0	1	0
79	1	2	3	0	1	0
80	1	2	3.5	0	1	0
81	1	2	4	0	1	0
82	1	2	4.5	0	1	0
83	1	2	5	0	1	0
84	1	2	6	0	1	0
85	1	2	7	0	1	0
86	1	2	8	0	1	0
87	1	2	9	0	1	0
88	1	2	10	0	1	0
89	1	2	11	0	1	0
90	1	2	14	0	1	0
91	1	2	16	0	1	0
92	1	2	18	0	1	0
93	1	2	21	0	1	0
94	1	2	21.5	1	1	0
95	1	2	22	1	1	0
96	1	2	22.5	1	1	0
97	1	2	23	1	1	0
98	1	2	23.5	1	1	0
99	1	2	24	1	1	0
100	1	2	25	1	1	0
101	1	2	29	1	1	0
102	1	2	29.5	1	1	0
103	1	2	30	1	1	0
104	1	2	30.5	1	1	0
105	1	2	31	1	1	0
106	1	2	31.5	1	1	0
107	1	2	32	1	1	0
108	1	2	33	1	1	0
109	1	2	35	1	1	0
110	1	2	35.5	1	1	0
111	1	2	36	1	1	0
112	1	2	36.5	1	1	0
113	1	2	37	1	1	0
114	1	2	37.5	1	1	0
115	1	2	38	1	1	0
116	1	2	39	1	1	0
117	1	2	42	1	1	0
118	1	2	42.5	1	1	0
119	1	2	43	1	1	0
120	1	2	43.5	1	1	0
121	1	2	44	1	1	0
122	1	2	44.5	1	1	0
123	1	2	45	1	1	0
124	1	2	45.5	1	1	0
125	1	2	46	1	1	0
126	1	2	47	1	1	0
127	1	2	50	1	1	0
128	1	2	50.5	1	1	0
129	1	2	51	1	1	0
130	1	2	51.5	1	1	0
131	1	2	52	1	1	0
132	1	2	52.5	1	1	0
133	1	2	53	1	1	0
134	1	2	54	1	1	0
135	1	2	57	1	1	0
136	1	2	58	1	1	0
137	1	2	58.5	1	1	0
138	1	2	59	1	1	0
139	1	2	59.5	1	1	0
140	1	2	60	1	1	0
141	1	2	60.5	1	1	0
142	1	2	61	1	1	0
143	1	2	62	1	1	0
144	1	2	63	1	1	0
145	1	2	64	1	1	0
146	1	2	64.5	1	1	0
147	1	3	0	0	1	0
148	1	3	1	0	1	0
149	1	3	1.5	0	1	0
150	1	3	2	0	1	0
151	1	3	2.5	0	1	0
152	1	3	3	0	1	0
153	1	3	3.5	0	1	0
154	1	3	4	0	1	0
155	1	3	4.5	0	1	0
156	1	3	5	0	1	0
157	1	3	6	0	1	0
158	1	3	7	0	1	0
159	1	3	8	0	1	0
160	1	3	9	0	1	0
161	1	3	10	0	1	0
162	1	3	11	0	1	0
163	1	3	14	0	1	0
164	1	3	16	0	1	0
165	1	3	18	0	1	0
166	1	3	21	0	1	0
167	1	3	21.5	1	1	0
168	1	3	22	1	1	0
169	1	3	22.5	1	1	0
170	1	3	23	1	1	0
171	1	3	23.5	1	1	0
172	1	3	24	1	1	0
173	1	3	25	1	1	0
174	1	3	29	1	1	0
175	1	3	29.5	1	1	0
176	1	3	30	1	1	0
177	1	3	30.5	1	1	0
178	1	3	31	1	1	0
179	1	3	31.5	1	1	0
180	1	3	32	1	1	0
181	1	3	33	1	1	0
182	1	3	35	1	1	0
183	1	3	35.5	1	1	0
184	1	3	36	1	1	0
185	1	3	36.5	1	1	0
186	1	3	37	1	1	0
187	1	3	37.5	1	1	0
188	1	3	38	1	1	0
189	1	3	39	1	1	0
190	1	3	42	1	1	0
191	1	3	42.5	1	1	0
192	1	3	43	1	1	0
193	1	3	43.5	1	1	0
194	1	3	44	1	1	0
195	1	3	44.5	1	1	0
196	1	3	45	1	1	0
197	1	3	45.5	1	1	0
198	1	3	46	1	1	0
199	1	3	47	1	1	0
200	1	3	50	1	1	0
201	1	3	50.5	1	1	0
202	1	3	51	1	1	0
203	1	3	51.5	1	1	0
204	1	3	52	1	1	0
205	1	3	52.5	1	1	0
206	1	3	53	1	1	0
207	1	3	54	1	1	0
208	1	3	57	1	1	0
209	1	3	58	1	1	0
210	1	3	58.5	1	1	0
211	1	3	59	1	1	0
212	1	3	59.5	1	1	0
213	1	3	60	1	1	0
214	1	3	60.5	1	1	0
215	1	3	61	1	1	0
216	1	3	62	1	1	0
217	1	3	63	1	1	0
218	1	3	64	1	1	0
219	1	3	64.5	1	1	0
220	1	4	0	0	1	0
221	1	4	1	0	1	0
222	1	4	1.5	0	1	0
223	1	4	2	0	1	0
224	1	4	2.5	0	1	0
225	1	4	3	0	1	0
226	1	4	3.5	0	1	0
227	1	4	4	0	1	0
228	1	4	4.5	0	1	0
229	1	4	5	0	1	0
230	1	4	6	0	1	0
231	1	4	7	0	1	0
232	1	4	8	0	1	0
233	1	4	9	0	1	0
234	1	4	10	0	1	0
235	1	4	11	0	1	0
236	1	4	14	0	1	0
237	1	4	16	0	1	0
238	1	4	18	0	1	0
239	1	4	21	0	1	0
240	1	4	21.5	1	1	0
241	1	4	22	1	1	0
242	1	4	22.5	1	1	0
243	1	4	23	1	1	0
244	1	4	23.5	1	1	0
245	1	4	24	1	1	0
246	1	4	25	1	1	0
247	1	4	29	1	1	0
248	1	4	29.5	1	1	0
249	1	4	30	1	1	0
250	1	4	30.5	1	1	0
251	1	4	31	1	1	0
252	1	4	31.5	1	1	0
253	1	4	32	1	1	0
254	1	4	33	1	1	0
255	1	4	35	1	1	0
256	1	4	35.5	1	1	0
257	1	4	36	1	1	0
258	1	4	36.5	1	1	0
259	1	4	37	1	1	0
260	1	4	37.5	1	1	0
261	1	4	38	1	1	0
262	1	4	39	1	1	0
263	1	4	42	1	1	0
264	1	4	42.5	1	1	0
265	1	4	43	1	1	0
266	1	4	43.5	1	1	0
267	1	4	44	1	1	0
268	1	4	44.5	1	1	0
269	1	4	45	1	1	0
270	1	4	45.5	1	1	0
271	1	4	46	1	1	0
272	1	4	47	1	1	0
273	1	4	50	1	1	0
274	1	4	50.5	1	1	0
275	1	4	51	1	1	0
276	1	4	51.5	1	1	0
277	1	4	52	1	1	0
278	1	4	52.5	1	1	0
279	1	4	53	1	1	0
280	1	4	54	1	1	0
281	1	4	57	1	1	0
282	1	4	58	1	1	0
283	1	4	58.5	1	1	0
284	1	4	59	1	1	0
285	1	4	59.5	1	1	0
286	1	4	60	1	1	0
287	1	4	60.5	1	1	0
288	1	4	61	1	1	0
289	1	4	62	1	1	0
290	1	4	63	1	1	0
291	1	4	64	1	1	0
292	1	4	64.5	1	1	0
293	1	5	0	0	1	0
294	1	5	1	0	1	0
295	1	5	1.5	0	1	0
296	1	5	2	0	1	0
297	1	5	2.5	0	1	0
298	1	5	3	0	1	0
299	1	5	3.5	0	1	0
300	1	5	4	0	1	0
301	1	5	4.5	0	1	0
302	1	5	5	0	1	0
303	1	5	6	0	1	0
304	1	5	7	0	1	0
305	1	5	8	0	1	0
306	1	5	9	0	1	0
307	1	5	10	0	1	0
308	1	5	11	0	1	0
309	1	5	14	0	1	0
310	1	5	16	0	1	0
311	1	5	18	0	1	0
312	1	5	21	0	1	0
313	1	5	21.5	1	1	0
314	1	5	22	1	1	0
315	1	5	22.5	1	1	0
316	1	5	23	1	1	0
317	1	5	23.5	1	1	0
318	1	5	24	1	1	0
319	1	5	25	1	1	0
320	1	5	29	1	1	0
321	1	5	29.5	1	1	0
322	1	5	30	1	1	0
323	1	5	30.5	1	1	0
324	1	5	31	1	1	0
325	1	5	31.5	1	1	0
326	1	5	32	1	1	0
327	1	5	33	1	1	0
328	1	5	35	1	1	0
329	1	5	35.5	1	1	0
330	1	5	36	1	1	0
331	1	5	36.5	1	1	0
332	1	5	37	1	1	0
333	1	5	37.5	1	1	0
334	1	5	38	1	1	0
335	1	5	39	1	1	0
336	1	5	42	1	1	0
337	1	5	42.5	1	1	0
338	1	5	43	1	1	0
339	1	5	43.5	1	1	0
340	1	5	44	1	1	0
341	1	5	44.5	1	1	0
342	1	5	45	1	1	0
343	1	5	45.5	1	1	0
344	1	5	46	1	1	0
345	1	5	47	1	1	0
346	1	5	50	1	1	0
347	1	5	50.5	1	1	0
348	1	5	51	1	1	0
349	1	5	51.5	1	1	0
350	1	5	52	1	1	0
351	1	5	52.5	1	1	0
352	1	5	53	1	1	0
353	1	5	54	1	1	0
354	1	5	57	1	1	0
355	1	5	58	1	1	0
356	1	5	58.5	1	1	0
357	1	5	59	1	1	0
358	1	5	59.5	1	1	0
359	1	5	60	1	1	0
360	1	5	60.5	1	1	0
361	1	5	61	1	1	0
362	1	5	62	1	1	0
363	1	5	63	1	1	0
364	1	5	64	1	1	0
365	1	5	64.5	1	1	0
