Sample	Bacteroidaceae	Akkermansiaceae	Lachnospiraceae	Sutterellaceae	Porphyromonadaceae	Prevotellaceae	Acidaminococcaceae	Ruminococcaceae	Enterobacteriaceae	Desulfovibrionaceae	Erysipelotrichaceae	Rikenellaceae	Barnesiellaceae	Clostridiaceae_1	Odoribacteraceae	Erysipelatoclostridiaceae	Peptostreptococcaceae	Christensenellaceae	Streptococcaceae	Eubacteriaceae	Veillonellaceae	Clostridiales_Incertae_Sedis_XIII	Oxalobacteraceae	Enterococcaceae	Bifidobacteriaceae	Muribaculaceae	Eggerthellaceae	Moraxellaceae	Coriobacteriaceae	Lactobacillaceae	Fusobacteriaceae	Morganellaceae	Victivallaceae	Comamonadaceae	Methanobacteriaceae	Azospirillaceae	Catabacteriaceae	Sphingomonadaceae	Rhizobiaceae	Caulobacteraceae	Pleomorphomonadaceae	Pseudomonadaceae	Bradyrhizobiaceae	Nocardioidaceae	Chromatiaceae	Aurantimonadaceae	Bacillaceae_1	Chitinophagaceae	Devosiaceae	Rhodospirillaceae	Rhodobacteraceae	Bacillales_Incertae_Sedis_X	Bacteriovoracaceae	Xanthomonadaceae	Hydrogenophilaceae	Streptophyta	Stappiaceae	Geodermatophilaceae	Paenibacillaceae_1	Burkholderiaceae	Bdellovibrionaceae	Weeksellaceae	Anaerolineaceae	Caldilineaceae	Boseaceae	Cytophagaceae	Lawsonellaceae	Pasteurellaceae	Sphingosinicellaceae	Legionellaceae	Deinococcaceae	Erythrobacteraceae	Nocardiopsaceae	Kiloniellaceae	Selenomonadaceae
sample1	5723190.521	3180.009	186560.4993	62893.5002	134384.8082	0	0	318354.2132	0	0	14604.4856	0	0	34744.5393	0	7066.685	9657.803	0	0	0	0	0	0	1648.893	19786.7189	235.5562	0	0	0	0	0	0	0	0	0	0	0	0	0	0	0	0	0	0	0	0	0	0	0	0	0	0	0	0	0	0	0	0	0	0	0	0	0	0	0	0	0	0	0	0	0	0	0	0	0
sample2	44209688.46	7119.113	6123453.863	151535.427	864463.806	0	5085.081	1339410.307	26442.417	0	45765.723	0	0	697673.091	0	191199	88480.41	0	0	0	0	0	0	33561.53	68140.085	2034.032	0	0	0	0	0	0	0	0	0	0	0	0	0	0	0	0	0	0	0	0	0	0	0	0	0	0	0	0	0	0	0	0	0	0	0	0	0	0	0	0	0	0	0	0	0	0	0	0	0
sample3	20759580	16126.63	1850876	253418.4	164491.6	0	460.7608	707728.6	29488.69	0	11979.78	0	0	144218.1	0	43311.51	112425.6	0	0	0	0	0	0	11519.02	52987.49	0	0	0	0	0	0	0	0	0	0	0	0	0	0	0	0	0	0	0	0	0	0	0	0	0	0	0	0	0	0	0	0	0	0	0	0	0	0	0	0	0	0	0	0	0	0	0	0	0	0
sample4	12989016.42	8691.03	379417.764	99132.067	216732.535	0	1629.568	389738.39	16838.875	1086.379	1629.568	0	0	82293.189	0	6246.678	7876.247	0	0	0	0	0	0	1901.163	15480.898	0	0	0	0	0	0	0	0	0	0	0	0	0	0	0	0	0	0	0	0	0	0	0	0	0	0	0	0	0	0	0	0	0	0	0	0	0	0	0	0	0	0	0	0	0	0	0	0	0	0
sample5	9609930.918	10430.96	314087.9021	98746.451	342367.4299	0	0	164577.3824	9503.766	0	15298.746	0	0	687052.834	0	13676.15	56790.8051	0	0	0	0	0	0	14371.55	3476.988	231.7992	0	0	0	0	0	0	0	0	0	0	0	0	0	0	0	0	0	0	0	0	0	0	0	0	0	0	0	0	0	0	0	0	0	0	0	0	0	0	0	0	0	0	0	0	0	0	0	0	0
sample6	1425618.559	1613.713	111120.2587	24980.277	34242.985	0	0	44118.9066	0	0	355.0168	129.097	0	2323.7458	0	1065.05	516.3881	0	0	0	0	0	0	355.0168	1807.3584	0	0	0	0	0	0	0	0	0	0	0	0	0	0	0	0	0	0	0	0	0	0	0	0	0	0	0	0	0	0	0	0	0	0	0	0	0	0	0	0	0	0	0	0	0	0	0	0	0	0
sample7	169888000	505866.5	15716510	10179700	7806282	0	17324.19	9653041	45042.9	0	883533.8	17324.19	10394.52	980549.3	0	672178.7	502401.6	0	0	0	0	0	0	31183.55	1680447	6929.677	0	0	0	0	0	0	0	0	0	0	0	0	0	0	0	0	0	0	0	0	0	0	0	0	0	0	0	0	0	0	0	0	0	0	0	0	0	0	0	0	0	0	0	0	0	0	0	0	0
sample8	21872640	46616.48	1044590	941367.5	877626.8	0	951.3568	952783.8	3329.749	2378.392	11891.96	4281.106	0	35675.88	0	17600.1	18551.46	0	0	0	0	0	0	3329.749	103222.2	0	951.3568	0	0	0	0	0	0	0	0	0	0	0	0	0	0	0	0	0	0	0	0	0	0	0	0	0	0	0	0	0	0	0	0	0	0	0	0	0	0	0	0	0	0	0	0	0	0	0	0
sample9	47900913.9	163773.317	2504506.362	1843842.09	2211496.804	0	22282.08	2689447.855	95812.97	16711.56	69074.467	10026.94	0	229505.472	0	72416.78	75759.09	0	0	0	0	0	0	51248.8	157088.701	8912.834	3342.313	0	0	0	0	0	0	0	0	0	0	0	0	0	0	0	0	0	0	0	0	0	0	0	0	0	0	0	0	0	0	0	0	0	0	0	0	0	0	0	0	0	0	0	0	0	0	0	0
sample10	72543892.21	2116556.4	4642225.624	2785335.418	3915535.795	0	1868.099	1724255.365	177469.39	0	102745.44	48570.58	0	1115255.06	0	179337.5	218567.59	0	1868.099	0	0	0	0	85932.56	54174.867	0	0	0	0	0	0	0	0	0	0	0	0	0	0	0	0	0	0	0	0	0	0	0	0	0	0	0	0	0	0	0	0	0	0	0	0	0	0	0	0	0	0	0	0	0	0	0	0	0	0
sample11	26729191.65	3481894.4	1052785.352	1337807.68	1388521.079	1925.827	4493.596	1746725.076	39800.42	5135.538	34664.881	28887.399	0	1925.827	0	28887.4	1283.884	0	2567.769	0	0	0	0	0	6419.422	0	0	0	0	0	0	0	0	0	0	0	0	0	0	0	0	0	0	0	0	0	0	0	0	0	0	0	0	0	0	0	0	0	0	0	0	0	0	0	0	0	0	0	0	0	0	0	0	0	0
sample12	2097203	537451.7	100800.5	123853.5	133176.4	0	565.0249	162275.1	565.0249	0	5028.721	1356.06	0	0	0	1356.06	0	0	0	0	0	0	0	56.50249	395.5174	113.005	0	0	0	113.005	0	0	0	0	0	0	0	0	0	0	0	0	0	0	0	0	0	0	0	0	0	0	0	0	0	0	0	0	0	0	0	0	0	0	0	0	0	0	0	0	0	0	0	0	0
sample13	40340980	9557115	3390468	1429865	2509384	0	2848.335	2413489	0	0	70258.93	44623.92	0	4747.225	0	56017.26	949.4451	0	0	0	2848.335	0	0	0	10443.9	0	0	0	0	0	0	0	0	0	0	0	0	0	0	0	0	0	0	0	0	0	0	0	0	0	0	0	0	0	0	0	0	0	0	0	0	0	0	0	0	0	0	0	0	0	0	0	0	0	0
sample14	76082493.86	8490266.591	4129928.123	5248814.004	4789739.054	0	3491.064	5845785.698	0	0	89022.117	38401.7	1745.532	15709.784	0	48874.89	0	0	0	0	1745.532	0	0	1745.532	3491.064	0	0	0	0	0	0	0	0	0	0	0	0	0	0	0	0	0	0	0	0	0	0	0	0	0	0	0	0	0	0	0	0	0	0	0	0	0	0	0	0	0	0	0	0	0	0	0	0	0	0
sample15	71199934.2	25500287.36	6604975.213	3491873.442	4518895.996	0	1884.444	4530201.976	3768.887	0	246862.103	92337.74	0	118719.945	0	54648.86	56533.307	0	0	1884.444	1884.444	0	0	43342.2	0	0	0	0	0	0	0	0	0	0	0	0	0	0	0	0	0	0	0	0	0	0	0	0	0	0	0	0	0	0	0	0	0	0	0	0	0	0	0	0	0	0	0	0	0	0	0	0	0	0	0
sample16	13808720	4756205	566814.5	1311559	655985.4	0	0	884280	4541.121	0	26008.24	40457.26	0	12797.71	412.8292	5366.779	825.6583	0	0	0	1651.317	0	0	0	12384.87	825.6583	412.8292	0	0	0	0	0	0	0	0	0	0	0	0	0	0	0	0	0	0	0	0	0	0	0	0	0	0	0	0	0	0	0	0	0	0	0	0	0	0	0	0	0	0	0	0	0	0	0	0
sample17	19670370	7044035	716618.6	1703598	792352.2	0	814.3393	1173463	10993.58	0	37052.44	27687.54	0	2035.848	0	10179.24	0	0	0	0	2443.018	0	0	1628.679	6107.545	0	1221.509	0	0	0	0	0	0	0	0	0	0	0	0	0	0	0	0	0	0	0	0	0	0	0	0	0	0	0	0	0	0	0	0	0	0	0	0	0	0	0	0	0	0	0	0	0	0	0	0
sample18	17009020	6009230	1230480	1262644	795870	0	0	1083780	3922.474	0	37263.51	39616.98	0	12159.67	0	18043.38	4706.969	0	0	0	784.4948	0	0	2353.484	17258.89	0	392.2474	0	0	0	0	0	0	0	0	0	0	0	0	0	0	0	0	0	0	0	0	0	0	0	0	0	0	0	0	0	0	0	0	0	0	0	0	0	0	0	0	0	0	0	0	0	0	0	0
sample19	80235557.27	33923887.45	3091414.283	6548625.96	4333423.77	0	0	4030578.041	11909.69	0	122499.634	115694.09	1701.384	8506.919	0	22117.99	1701.384	0	0	0	15312.453	0	0	0	0	3402.767	0	0	0	0	0	0	0	0	0	0	0	0	0	0	0	0	0	0	0	0	0	0	0	0	0	0	0	0	0	0	0	0	0	0	0	0	0	0	0	0	0	0	0	0	0	0	0	0	0
sample20	93075956.77	41331211.4	6957003.957	3834854.815	5514395.323	0	0	4140573.335	0	0	219735.069	187252.53	0	76429.589	0	19107.4	7642.958	0	0	0	53500.713	0	0	59232.93	19107.397	0	0	0	0	0	0	0	0	0	0	0	0	0	0	0	0	0	0	0	0	0	0	0	0	0	0	0	0	0	0	0	0	0	0	0	0	0	0	0	0	0	0	0	0	0	0	0	0	0	0
sample21	23087839.77	11039372.44	1775003.41	1623437.6	733578.315	0	0	1461767.477	0	0	68036.191	72751.56	0	2694.502	0	16167.01	0	0	0	0	5389.005	0	0	8757.132	0	0	0	0	0	0	0	0	0	0	0	0	0	0	0	0	0	0	0	0	0	0	0	0	0	0	0	0	0	0	0	0	0	0	0	0	0	0	0	0	0	0	0	0	0	0	0	0	0	0	0
sample22	12047340	3149699	407693.3	667597.7	367728.7	0	1072.877	520613.6	4559.728	536.4386	27626.58	15020.28	0	3755.07	0	5900.824	0	0	0	0	2682.193	0	0	0	2950.412	0	0	0	0	0	0	0	0	0	0	0	0	0	0	0	0	0	0	0	0	0	0	0	0	0	0	0	0	0	0	0	0	0	0	0	0	0	0	0	0	0	0	0	0	0	0	0	0	0	0
sample23	21582920	11006760	3154624	890233	1131858	1349.861	674.9303	1164255	0	0	89090.8	43195.53	0	1349.861	0	18898.05	1349.861	0	0	0	8774.093	0	0	5399.442	674.9303	0	0	0	0	0	0	0	0	0	0	0	0	0	0	0	0	0	0	0	0	0	0	0	0	0	0	0	0	0	0	0	0	0	0	0	0	0	0	0	0	0	0	0	0	0	0	0	0	0	0
sample24	17445420	5079861	1135761	1047712	942621.6	0	710.0728	509832.2	7455.764	0	57870.93	22367.29	0	5680.582	0	5680.582	710.0728	0	0	0	9585.983	0	0	0	0	0	355.0364	0	0	0	0	355.0364	0	0	0	0	0	0	0	0	0	0	0	0	0	0	0	0	0	0	0	0	0	0	0	0	0	0	0	0	0	0	0	0	0	0	0	0	0	0	0	0	0	0	0
sample25	18419860	7686240	1749040	1564833	472208.2	0	1402.599	809299.3	0	0	60779.28	71064.99	0	3740.263	0	4675.328	0	0	0	0	28987.04	0	0	0	0	0	467.5328	0	0	0	0	0	0	0	0	0	0	0	0	0	0	0	0	0	0	0	0	0	0	0	0	0	0	0	0	0	0	0	0	0	0	0	0	0	0	0	0	0	0	0	0	0	0	0	0
sample26	30400555.96	9528879.303	1610132.051	959330.144	286177.576	0	0	1181523.108	35498.28	0	19283.015	38566.037	0	4820.755	0	2191.252	0	0	0	0	25418.524	0	0	15338.76	0	0	0	0	0	0	0	0	0	0	0	0	0	0	0	0	0	0	0	0	0	0	0	0	0	0	0	0	0	0	0	0	0	0	0	0	0	0	0	0	0	0	0	0	0	0	0	0	0	0	0
sample27	23680570.37	8221424.557	721034.555	1009331.873	411770.066	0	0	1093782.595	55912.21	5241.77	34945.13	39604.484	0	12813.21	0	4076.932	0	0	0	0	6989.026	0	0	0	0	0	0	0	0	0	0	0	0	0	0	0	0	0	0	0	0	0	0	0	0	0	0	0	0	0	0	0	0	0	0	0	0	0	0	0	0	0	0	0	0	0	0	0	0	0	0	0	0	0	0
sample28	6144534.682	3333433.814	390230.7505	345770.0224	197514.3121	0	0	273321.4306	8476.323	0	11355.0746	13114.31	0	1919.167	0	0	0	0	0	0	1439.3756	0	0	3838.335	479.7918	0	0	0	0	0	0	0	0	0	0	0	0	0	0	0	0	0	0	0	0	0	0	0	0	0	0	0	0	0	0	0	0	0	0	0	0	0	0	0	0	0	0	0	0	0	0	0	0	0	0
sample29	27556651.28	15559981.28	1951562.414	845651.294	536737.662	0	4633.706	1005514.196	35525.08	1544.569	25485.377	48653.91	0	13901.12	0	3089.137	0	0	0	0	23168.529	0	0	0	3089.137	0	0	0	0	0	0	0	0	0	0	0	0	0	0	0	0	0	0	0	0	0	0	0	0	0	0	0	0	0	0	0	0	0	0	0	0	0	0	0	0	0	0	0	0	0	0	0	0	0	0
sample30	64554311.92	34371012.5	8058896.392	1344851.214	2066869.942	0	2917.248	3130206.725	72931.19	0	93351.925	118148.53	0	4375.872	0	0	0	0	0	0	404038.814	0	0	24796.61	0	0	0	0	0	0	0	0	0	0	0	0	0	0	0	0	0	0	0	0	0	0	0	0	0	0	0	0	0	0	0	0	0	0	0	0	0	0	0	0	0	0	0	0	0	0	0	0	0	0	0
sample31	37038704.33	22414962.99	6190871.335	2199658.78	1523334.398	0	3850.045	2757914.939	0	0	169401.96	145018.36	0	0	0	12833.48	0	0	0	1283.348	46200.536	0	0	0	0	0	0	0	0	0	0	0	0	0	0	0	0	0	0	0	0	0	0	0	0	0	0	0	0	0	0	0	0	0	0	0	0	0	0	0	0	0	0	0	0	0	0	0	0	0	0	0	0	0	0
sample32	15235170	5481423	1033420	983090.3	577366.8	0	949.6164	854654.7	11632.8	1661.829	85940.27	58638.81	0	3561.061	0	4273.274	712.2123	0	0	0	16380.88	0	0	4510.678	1187.02	712.2123	0	0	0	0	0	0	0	0	0	0	0	0	0	0	0	0	0	0	0	0	0	0	0	0	0	0	0	0	0	0	0	0	0	0	0	0	0	0	0	0	0	0	0	0	0	0	0	0	0
sample33	16710650	6799448	1675314	1024025	372336.5	0	0	810402.8	3206.342	2404.756	117031.5	50499.88	0	0	0	7214.269	400.7927	0	0	0	31662.62	0	0	9218.232	0	0	0	0	0	0	0	0	0	0	0	0	0	0	0	0	0	0	0	0	0	0	0	0	0	0	0	0	0	0	0	0	0	0	0	0	0	0	0	0	0	0	0	0	0	0	0	0	0	0	0
sample34	165356731.2	48295896.43	17369385.73	6859442.7	8442054.66	0	17487.43	6190548.5	253567.71	13115.57	480904.2	682009.6	0	87437.13	0	30603	0	0	13115.57	0	371607.81	0	0	48090.42	0	0	0	0	0	0	0	0	0	0	0	0	0	0	0	0	0	0	0	0	0	0	0	0	0	0	0	0	0	0	0	0	0	0	0	0	0	0	0	0	0	0	0	0	0	0	0	0	0	0	0
sample35	27038330	15166360	3103530	1236433	1396174	0	0	997168.2	8298.209	2074.552	123781.6	224051.6	0	11755.8	0	6223.657	691.5174	0	0	0	236499	0	0	8298.209	0	0	0	0	0	0	0	0	0	0	0	0	0	0	0	0	0	0	0	0	0	0	0	0	0	0	0	0	0	0	0	0	0	0	0	0	0	0	0	0	0	0	0	0	0	0	0	0	0	0	0
sample36	68622122.18	31371192.32	5654351.915	8656423.034	3802623.894	0	0	2432308.492	0	0	259638.562	219971.56	0	0	0	0	0	0	0	0	75727.925	0	0	21636.55	3606.092	0	0	0	0	0	0	0	0	0	0	0	0	0	0	0	0	0	0	0	0	0	0	0	0	0	0	0	0	0	0	0	0	0	0	0	0	0	0	0	0	0	0	0	0	0	0	0	0	0	0
sample37	28692970.8	10828554.06	1618602.017	2735543.208	2344846.546	0	0	668437.455	21262.423	0	101660.951	65116.171	0	7973.409	0	0	0	0	0	0	66445.073	0	0	0	0	0	0	0	0	0	0	0	0	0	0	0	0	0	0	0	0	0	0	0	0	0	0	0	0	0	0	0	0	0	0	0	0	0	0	0	0	0	0	0	0	0	0	0	0	0	0	0	0	0	0
sample38	21578268.39	10475161.79	2179109.31	1559346.743	1825961.479	0	0	534983.924	9354.91	0	222179.089	36250.27	0	2923.409	0	0	2338.728	0	0	0	35080.912	0	0	4092.773	1754.046	0	0	0	0	0	0	0	0	0	0	0	0	0	0	0	0	0	0	0	0	0	0	0	0	0	0	0	0	0	0	0	0	0	0	0	0	0	0	0	0	0	0	0	0	0	0	0	0	0	0
sample39	13813990	9631795	1653915	773377	1036013	0	1089.775	394498.6	4722.358	0	55941.79	150389	0	14167.08	0	2906.067	726.5167	0	0	0	8718.2	0	0	0	363.2583	0	0	0	0	0	0	0	0	0	0	0	0	0	0	0	0	0	0	0	0	0	0	0	0	0	0	0	0	0	0	0	0	0	0	0	0	0	0	0	0	0	0	0	0	0	0	0	0	0	0
sample40	30816898.18	11759121.23	2164917.255	1764698.126	2886556.507	0	0	568187.076	13133.279	0	132715.237	58062.92	0	44238.415	0	0	0	0	0	0	171423.845	0	0	7603.477	0	0	0	0	0	0	0	0	0	0	0	0	0	0	0	0	0	0	0	0	0	0	0	0	0	0	0	0	0	0	0	0	0	0	0	0	0	0	0	0	0	0	0	0	0	0	0	0	0	0	0
sample41	13689527.79	4499147.003	1754461.971	1363097.735	952559.122	0	0	461556.323	0	0	68137.762	9244.822	0	1027.203	0	1369.603	0	0	0	0	2739.207	0	0	0	0	1369.603	0	0	0	0	0	0	0	0	0	0	0	0	0	0	0	0	0	0	0	0	0	0	0	0	0	0	0	0	0	0	0	0	0	0	0	0	0	0	0	0	0	0	0	0	0	0	0	0	0
sample42	42722969.43	11914927.9	4147738.765	5066549.21	3070670.248	0	5692.752	1938951.568	88806.94	9108.403	306270.065	51234.77	0	0	0	0	0	0	0	0	53511.87	0	0	52373.32	0	0	0	0	0	0	0	0	0	0	0	0	0	0	0	0	0	0	0	0	0	0	0	0	0	0	0	0	0	0	0	0	0	0	0	0	0	0	0	0	0	0	0	0	0	0	0	0	0	0	0
sample43	11837570	4950411	1577871	1218145	425388.3	0	0	492465.5	27453.54	0	71039.56	16415.51	0	2264.209	0	0	0	0	0	0	5094.471	0	0	11887.1	0	0	566.0523	0	0	0	0	0	0	0	0	0	0	0	0	0	0	0	0	0	0	0	0	0	0	0	0	0	0	0	0	0	0	0	0	0	0	0	0	0	0	0	0	0	0	0	0	0	0	0	0
sample44	20399880	6567195	2910079	1965681	1390243	0	0	683628.8	43990.02	0	104624.9	33686.06	0	0	0	3963.065	0	0	1981.533	396.3065	4755.678	0	0	0	0	0	0	0	0	0	0	0	0	0	0	0	0	0	0	0	0	0	0	0	0	0	0	0	0	0	0	0	0	0	0	0	0	0	0	0	0	0	0	0	0	0	0	0	0	0	0	0	0	0	0
sample45	9846637.779	2705836.338	757672.5379	1088497.355	707750.2154	238.8627	955.4508	320076.0054	12898.582	1910.902	61148.8568	29141.248	0	4299.529	0	2388.627	238.8627	0	0	0	17675.8406	0	0	0	0	0	238.8627	0	0	238.8627	0	0	0	0	0	0	0	0	0	0	0	0	0	0	0	0	0	0	0	0	0	0	0	0	0	0	0	0	0	0	0	0	0	0	0	0	0	0	0	0	0	0	0	0	0
sample46	22854820	8601561	3380463	2824329	1470083	0	0	722305.6	0	0	91576.95	14555.27	0	606.4698	0	0	0	0	0	0	10916.46	0	0	0	0	0	0	0	0	0	0	0	0	0	0	0	0	0	0	0	0	0	0	0	0	0	0	0	0	0	0	0	0	0	0	0	0	0	0	0	0	0	0	0	0	0	0	0	0	0	0	0	0	0	0
sample47	52109713.05	15854126.98	5310410.49	6074476.895	2558570.293	0	4005.59	1638286.158	5006.987	0	173241.753	53074.06	0	6008.384	0	0	0	0	0	0	87121.572	0	0	0	0	0	2002.795	0	0	0	0	0	0	0	0	0	0	0	0	0	0	0	0	0	0	0	0	0	0	0	0	0	0	0	0	0	0	0	0	0	0	0	0	0	0	0	0	0	0	0	0	0	0	0	0
sample48	29131367.28	13239176.74	3375244.515	3493207.263	1257250.231	0	0	560891.848	0	3044.189	162103.086	41096.561	0	0	0	2283.142	0	0	0	0	19787.231	0	0	0	0	0	0	0	0	0	0	0	0	0	0	0	0	0	0	0	0	0	0	0	0	0	0	0	0	0	0	0	0	0	0	0	0	0	0	0	0	0	0	0	0	0	0	0	0	0	0	0	0	0	0
sample49	16221404.39	5990028.172	1630610.562	1570842.279	1182165.188	0	1833.383	353842.901	2200.059	0	59401.593	17600.473	0	1466.706	0	0	1100.03	0	0	0	10266.943	0	0	0	0	1833.383	0	0	0	0	0	0	0	0	0	0	0	0	0	0	0	0	0	0	0	0	0	0	0	0	0	0	0	0	0	0	0	0	0	0	0	0	0	0	0	0	0	0	0	0	0	0	0	0	0
sample50	40658425.9	22055038.97	5904107.455	4693193.017	787454.669	0	0	1134330.916	37841.07	1801.956	260382.544	140552.53	0	0	0	13514.67	0	0	0	0	44147.91	0	0	11712.71	0	0	0	0	0	0	0	0	0	0	0	0	0	0	0	0	0	0	0	0	0	0	0	0	0	0	0	0	0	0	0	0	0	0	0	0	0	0	0	0	0	0	0	0	0	0	0	0	0	0	0
sample51	53109639.81	28428067.59	9391433.642	6415929.723	1712464.323	0	7748.707	2593879.755	0	0	174345.916	91047.314	0	1937.177	0	0	0	0	0	0	17434.592	0	0	17434.59	0	0	0	0	0	0	1937.177	0	0	0	0	0	0	0	0	0	0	0	0	0	0	0	0	0	0	0	0	0	0	0	0	0	0	0	0	0	0	0	0	0	0	0	0	0	0	0	0	0	0	0	0
sample52	63694605.57	31107502.63	9022227.803	8672405.109	2598687.186	0	3569.625	2707561.243	8924.063	0	326620.714	87455.82	0	78531.755	0	0	44620.31	0	0	0	110658.382	0	0	3569.625	1784.813	0	0	0	0	0	0	0	0	0	0	0	0	0	0	0	0	0	0	0	0	0	0	0	0	0	0	0	0	0	0	0	0	0	0	0	0	0	0	0	0	0	0	0	0	0	0	0	0	0	0
sample53	32202840	17041880	5229851	3882428	1319380	0	0	812519.6	0	0	154932.6	41362.09	0	0	0	0	0	0	0	0	51877.87	0	0	0	701.0523	0	0	0	0	0	0	0	0	0	0	0	0	0	0	0	0	0	0	0	0	0	0	0	0	0	0	0	0	0	0	0	0	0	0	0	0	0	0	0	0	0	0	0	0	0	0	0	0	0	0
sample54	38288667.5	26483853.59	5095277.545	4099411.943	2263566.003	0	3864.939	1378495.018	0	0	103065.041	92758.54	0	0	0	0	0	0	0	0	7729.878	0	0	0	0	0	0	0	0	0	0	0	0	0	0	0	0	0	0	0	0	0	0	0	0	0	0	0	0	0	0	0	0	0	0	0	0	0	0	0	0	0	0	0	0	0	0	0	0	0	0	0	0	0	0
sample55	125778396.7	83142885.3	16037273.85	15652546.8	7462341.46	0	0	4415709.08	0	0	655077.74	395126.3	0	0	0	0	6932.04	0	0	0	166368.96	0	0	0	0	0	0	0	0	0	0	0	0	0	0	0	0	0	0	0	0	0	0	0	0	0	0	0	0	0	0	0	0	0	0	0	0	0	0	0	0	0	0	0	0	0	0	0	0	0	0	0	0	0	0
sample56	54772580.11	10428590	13035741.41	2857187.5	2132354.954	0	5618.854	783830.091	0	14047.13	19665.984	0	0	0	0	0	0	0	0	0	5618.854	0	0	0	0	0	0	0	0	0	0	0	0	0	0	0	0	0	0	0	0	0	0	0	0	0	0	0	0	0	0	0	0	0	0	0	0	0	0	0	0	0	0	0	0	0	0	0	0	0	0	0	0	0	0
sample57	121274500	35248840	13738810	11721900	5436243	0	0	2934993	0	0	206027.9	46988.81	0	0	0	7229.048	0	0	0	0	383139.5	0	0	0	0	0	0	0	0	0	0	0	0	0	0	0	0	0	0	0	0	0	0	0	0	0	0	0	0	0	0	0	0	0	0	0	0	0	0	0	0	0	0	0	0	0	0	0	0	0	0	0	0	0	0
sample58	71770365.35	24422832.98	10696821.23	8624544	2313048.78	0	0	944563.534	0	4115.745	158456.183	39099.58	0	0	0	0	0	0	0	0	179034.913	0	0	0	0	0	0	0	0	0	0	0	0	0	0	0	0	0	0	0	0	0	0	0	0	0	0	0	0	0	0	0	0	0	0	0	0	0	0	0	0	0	0	0	0	0	0	0	0	0	0	0	0	0	0
sample59	40335559.42	21431145.05	7148692.442	4537817.7	2353043.24	0	5428.012	1260655.844	0	0	115345.256	65136.15	0	0	0	0	0	0	0	0	33925.075	0	0	0	0	0	0	0	0	0	0	0	0	0	0	0	0	0	0	0	0	0	0	0	0	0	0	0	0	0	0	0	0	0	0	0	0	0	0	0	0	0	0	0	0	0	0	0	0	0	0	0	0	0	0
sample60	124164300	55651250	30212510	9925473	6070412	0	0	1854848	0	0	215139.2	168622.5	0	0	0	5814.571	0	0	0	0	284914	0	0	0	0	0	0	0	0	0	0	0	0	0	0	0	0	0	0	0	0	0	0	0	0	0	0	0	0	0	0	0	0	0	0	0	0	0	0	0	0	0	0	0	0	0	0	0	0	0	0	0	0	0	0
sample61	87294429.15	53996014.82	13576063.49	8830154.7	1761779.35	2657.284	2657.284	5277366.056	0	0	170066.188	42516.55	10629.136	0	0	0	0	0	0	0	90347.656	0	0	0	0	0	0	0	0	0	0	0	0	0	0	0	0	0	0	0	0	0	0	0	0	0	0	0	0	0	0	0	0	0	0	0	0	0	0	0	0	0	0	0	0	0	0	0	0	0	0	0	0	0	0
sample62	36522270	23124520	6058703	3119322	1558178	0	0	2324414	0	0	129518.6	66242.34	0	0	0	5932.151	8898.226	0	988.6918	0	109744.8	0	0	0	0	0	988.6918	0	0	0	0	0	0	0	0	0	0	0	0	0	988.6918	0	0	0	0	0	0	0	0	0	0	0	0	0	0	0	0	0	0	0	0	0	0	0	0	0	0	0	0	0	0	0	0	0	0
sample63	34845005.57	19392143.11	6339080.976	4310756.9	1384501.613	0	3418.523	1420966.183	2279.015	12534.58	230180.517	59254.4	6837.045	0	0	4558.03	0	0	1139.508	1139.508	96858.143	0	0	0	0	0	0	0	0	0	0	0	0	0	0	0	0	0	0	0	0	0	0	0	0	0	0	0	0	0	0	0	0	0	0	0	0	0	0	0	0	0	0	0	0	0	0	0	0	0	0	0	0	0	0
sample64	57450701.35	44276607.47	10667611.79	5706771.4	3059920.52	2005.19	0	2380160.72	0	0	126326.97	52134.94	0	4010.38	0	10025.95	0	0	2005.19	0	14036.33	0	0	0	0	2005.19	2005.19	0	0	0	0	0	0	0	0	0	0	0	0	0	0	0	0	0	0	0	0	0	0	0	0	0	0	0	0	0	0	0	0	0	0	0	0	0	0	0	0	0	0	0	0	0	0	0	0
sample65	69181269.28	44138581.36	12116425.59	5836584.9	3776050.7	0	4791.942	1533421.529	0	0	208449.469	105422.721	0	0	0	4791.942	0	0	0	0	105422.726	0	0	0	0	0	0	0	0	0	0	0	0	0	0	0	0	0	0	0	0	0	0	0	0	0	0	0	0	0	0	0	0	0	0	0	0	0	0	0	0	0	0	0	0	0	0	0	0	0	0	0	0	0	0
sample66	81762684.34	38349821.68	18870749.34	5817107.7	4676498.19	6336.719	3168.359	3754506.032	0	0	402381.585	82377.348	0	0	0	9505.078	0	0	0	0	0	0	0	0	0	0	3168.359	0	0	0	0	0	0	0	0	0	0	0	0	0	0	0	0	0	0	0	0	0	0	0	0	0	0	0	0	0	0	0	0	0	0	0	0	0	0	0	0	0	0	0	0	0	0	0	0
sample67	88190134.11	57010023.8	20213909.87	8907720	7043960.21	0	12363.25	3767699.63	0	37089.74	568709.43	132904.91	0	0	0	30908.12	0	0	0	3090.812	231810.899	0	0	0	0	0	0	0	0	0	0	0	0	0	0	0	0	0	0	0	0	0	0	0	0	0	0	0	0	0	0	0	0	0	0	0	0	0	0	0	0	0	0	0	0	0	0	0	0	0	0	0	0	0	0
sample68	40189921.96	14289751.11	6321376.96	5145375.4	1953583.95	0	0	799799.35	0	0	191063.18	42952.19	1481.11	2962.22	0	0	0	0	0	0	82942.15	0	0	0	0	0	0	0	0	0	0	0	0	0	0	0	0	0	0	0	0	0	0	0	0	0	0	0	0	0	0	0	0	0	0	0	0	0	0	0	0	0	0	0	0	0	0	0	0	0	0	0	0	0	0
sample69	33165672.25	17352761.33	5425515.452	2730174.6	2533188.25	0	0	1267194.696	0	0	103297.397	26424.912	0	0	0	4804.53	0	0	0	0	13212.457	0	0	3603.397	0	0	0	0	0	0	0	0	0	0	0	0	0	0	0	0	0	0	0	0	0	0	0	0	0	0	0	0	0	0	0	0	0	0	0	0	0	0	0	0	0	0	0	0	0	0	0	0	0	0	0
sample70	63892651.06	22284435.33	8727636.301	9069524.1	5007232.6	0	0	1277330.907	0	0	94968.841	33239.1	0	0	0	2374.221	0	0	0	0	40361.756	0	0	0	0	0	0	0	0	0	0	0	0	0	0	0	0	0	0	0	0	0	0	0	0	0	0	0	0	0	0	0	0	0	0	0	0	0	0	0	0	0	0	0	0	0	0	0	0	0	0	0	0	0	0
sample71	95131334.63	65251340.45	26624163.86	9356542.6	4729641.37	0	14171.21	3521546.505	0	0	534963.255	85027.27	0	0	0	7085.606	3542.803	0	0	0	7085.606	0	0	0	0	0	0	0	0	0	0	0	0	0	0	3542.803	0	0	0	0	0	0	0	0	0	0	0	0	0	0	0	0	0	0	0	0	0	0	0	0	0	0	0	0	0	0	0	0	0	0	0	0	0	0	0
sample72	40882870	14710130	4538073	4054295	1121295	0	2115.652	995061.6	0	0	90267.82	30324.34	0	0	0	0	0	0	0	0	62764.34	0	0	0	0	0	705.2173	0	0	0	0	0	0	0	0	0	0	0	0	0	0	0	0	0	0	0	0	0	0	0	0	0	0	0	0	0	0	0	0	0	0	0	0	0	0	0	0	0	0	0	0	0	0	0	0
sample73	115837632.2	48388959.32	12201758.05	10612554.5	2854133.75	0	0	3100688.18	0	13399.69	286753.41	85758.02	0	0	0	0	0	0	0	0	125957.08	0	0	10719.75	0	0	0	0	0	0	0	0	0	0	0	0	0	0	0	0	0	0	0	0	0	0	0	0	0	0	0	0	0	0	0	0	0	0	0	0	0	0	0	0	0	0	0	0	0	0	0	0	0	0	0
sample74	85121591.21	41223087.03	11138756.55	7406330.7	2009766.89	0	0	3024708.569	0	29259.58	179214.923	195673.44	0	0	0	0	1828.724	0	0	0	23773.407	0	0	0	0	0	0	0	0	0	0	0	0	0	0	0	0	0	0	0	0	0	0	0	0	0	0	0	0	0	0	0	0	0	0	0	0	0	0	0	0	0	0	0	0	0	0	0	0	0	0	0	0	0	0
sample75	136918781.5	47040772.2	17065547.02	10781445.2	2771463.68	0	0	2398229.39	0	42352.84	108529.14	60882.2	0	0	0	0	0	0	0	0	44999.89	0	0	0	0	0	0	0	0	0	0	0	0	0	0	0	0	0	0	0	0	0	0	0	0	0	0	0	0	0	0	0	0	0	0	0	0	0	0	0	0	0	0	0	0	0	0	0	0	0	0	0	0	0	0
sample76	42790775.46	22772046.42	6975374.754	2755099.1	923407.64	8006.424	0	958991.686	0	7116.822	73837.018	96966.69	0	0	0	0	3558.411	0	0	0	16012.849	0	0	0	0	0	0	0	0	0	0	2668.808	0	0	0	0	0	0	0	0	0	0	0	0	0	0	0	0	0	0	0	0	0	0	0	0	0	0	0	0	0	0	0	0	0	0	0	0	0	0	0	0	0	0	0
sample77	53781432.72	21623677.51	7283183.61	2723493.8	1714071.6	9726.762	2161.503	2147452.79	3242.254	6484.508	94025.364	118882.66	2161.503	0	0	0	7565.259	0	0	0	69168.087	0	0	0	0	0	0	0	0	0	7565.26	0	0	0	0	0	0	0	0	0	0	0	0	0	0	0	0	0	0	0	0	0	0	0	0	0	0	0	0	0	0	0	0	0	0	0	0	0	0	0	0	0	0	0	0
sample78	62259560.45	20036195.96	10119114.3	5347231.9	1263791.25	1097.994	6587.965	947568.925	0	0	142739.24	93329.51	4391.977	0	0	0	0	0	0	0	96623.484	0	0	19763.89	0	0	0	0	0	0	0	0	0	0	0	0	0	0	0	0	0	0	0	0	0	0	0	0	0	0	0	0	0	0	0	0	0	0	0	0	0	0	0	0	0	0	0	0	0	0	0	0	0	0	0
sample79	31255686.09	12847639.29	5625788.673	2531082.2	528970.661	0	5884.717	675434.715	0	0	13077.147	24192.723	0	0	0	0	0	0	0	0	0	0	0	0	0	0	0	0	0	0	0	0	0	0	0	0	0	0	0	0	0	0	0	0	0	0	0	0	0	0	0	0	0	0	0	0	0	0	0	0	0	0	0	0	0	0	0	0	0	0	0	0	0	0	0
sample80	71952646.25	24410940	8047820.22	5201298.5	1899238.45	0	4672.174	849167.727	2336.087	7008.262	38545.442	28033.04	0	1168.044	0	0	0	0	0	0	0	0	0	1168.044	0	0	1168.044	0	0	0	0	0	0	0	0	0	0	0	0	0	0	0	0	0	0	0	0	0	0	0	0	0	0	0	0	0	0	0	0	0	0	0	0	0	0	0	0	0	0	0	0	0	0	0	0
sample81	93612004.99	32105145.55	17070450.1	9954650	2757916.97	0	0	1670003.087	0	9338.321	68481.027	63811.86	0	164976.987	0	0	4669.16	0	0	0	0	0	0	1556.387	0	0	0	0	0	0	0	0	0	0	0	0	0	0	0	0	0	0	0	0	0	0	0	0	0	0	0	0	0	0	0	0	0	0	0	0	0	0	0	0	0	0	0	0	0	0	0	0	0	0	0
sample82	58254090	14309350	9391001	5301873	1234340	0	0	1410550	0	6910.229	27640.92	22458.24	0	0	863.7786	0	0	0	0	0	16411.79	0	0	0	0	0	0	0	0	0	0	0	0	0	0	0	0	0	0	0	0	0	0	0	0	0	0	0	0	0	0	0	0	0	0	0	0	0	0	0	0	0	0	0	0	0	0	0	0	0	0	0	0	0	0
sample83	31734120	12063840	6740963	2773358	529420.6	17078.08	3049.657	976500.3	3659.589	0	50624.31	28056.85	0	0	0	0	0	0	0	0	5489.383	0	0	0	0	0	0	0	0	609.9315	0	1829.794	0	0	0	0	0	0	0	0	0	0	0	0	0	0	0	0	0	0	0	0	0	0	0	0	0	0	0	0	0	0	0	0	0	0	0	0	0	0	0	0	0	0	0
sample84	199757500	54641680	38846600	16766790	4480744	4498.739	0	4026371	0	0	40488.64	26992.43	0	0	4498.739	0	0	0	0	0	4498.739	0	0	0	0	0	0	0	0	0	0	0	0	0	0	0	0	0	0	0	0	0	0	0	0	0	0	0	0	0	0	0	0	0	0	0	0	0	0	0	0	0	0	0	0	0	0	0	0	0	0	0	0	0	0
sample85	65918425.66	20926696.73	10320637.9	7171340.2	1320097.47	0	0	1328330.961	0	0	6861.213	39795.041	0	10977.942	0	0	2744.485	0	0	0	0	0	0	1372.243	0	0	0	0	0	0	0	0	0	0	0	0	0	0	0	0	0	0	0	0	0	0	0	0	0	0	0	0	0	0	0	0	0	0	0	0	0	0	0	0	0	0	0	0	0	0	0	0	0	0	0
sample86	34519480	11668570	4664855	3915636	2247098	0	2238.145	952330.9	0	10631.19	139884.1	35810.33	2797.682	0	0	0	0	0	559.5364	0	1119.073	0	0	0	0	0	1678.609	0	0	559.5364	0	0	0	0	0	0	0	0	0	0	0	0	0	0	0	0	0	0	0	0	0	0	0	0	0	0	0	0	0	0	0	0	0	0	0	0	0	0	0	0	0	0	0	0	0
sample87	61028009.09	18510858.63	8020220.364	9915474	4437366.78	0	4120.117	2036161.903	0	13184.38	162332.62	91466.601	4944.141	0	0	0	0	0	0	0	107123.049	0	0	0	0	0	0	0	0	0	0	0	0	0	0	0	0	0	0	0	0	0	0	0	0	0	0	0	0	0	0	0	0	0	0	0	0	0	0	0	0	0	0	0	0	0	0	0	0	0	0	0	0	0	0
sample88	112162000	35275440	16315480	12555440	8579919	0	0	4397703	16124.91	0	378202.5	101147.2	0	0	0	1465.901	0	0	5863.604	0	0	0	0	0	0	20522.61	0	0	0	0	0	0	0	0	0	0	0	0	0	0	0	0	0	0	0	0	0	0	0	0	0	0	0	0	0	0	0	0	0	0	0	0	0	0	0	0	0	0	0	0	0	0	0	0	0
sample89	26041630	11444950	4163692	3160633	2149409	0	2969.822	619950.5	0	0	98004.15	43062.42	0	0	0	0	0	0	3712.278	0	0	0	0	0	0	5197.189	742.4556	0	0	0	0	0	0	0	0	0	0	0	0	0	0	0	0	0	0	0	0	0	0	0	0	0	0	0	0	0	0	0	0	0	0	0	0	0	0	0	0	0	0	0	0	0	0	0	0
sample90	46810980	16792000	6486649	4988908	3612657	1943.856	2915.785	1317935	0	0	76782.33	125378.7	0	1943.856	0	0	0	0	971.9282	0	0	0	0	0	1943.856	0	0	0	0	0	1943.856	0	0	0	0	0	0	0	0	0	0	0	0	0	0	0	0	0	0	0	0	0	0	0	0	0	0	0	0	0	0	0	0	0	0	0	0	0	0	0	0	0	0	0	0
sample91	43136480	26715830	8930366	5313680	2837861	0	3110.325	2137415	0	9330.976	171690	72159.55	0	0	0	2488.26	622.0651	0	0	0	0	0	0	0	0	0	1244.13	0	0	0	0	0	0	0	0	0	0	0	0	0	0	0	0	0	0	0	0	0	0	0	0	0	0	0	0	0	0	0	0	0	0	0	0	0	0	0	0	0	0	0	0	0	0	0	0
sample92	106693300	38152000	17657480	11725160	4659902	0	0	4362060	0	58437.28	380784.8	250714.8	0	7540.295	0	0	0	0	0	0	951962.2	0	0	0	0	0	0	0	0	0	0	0	0	0	0	0	0	0	0	0	0	0	0	0	0	0	0	0	0	0	0	0	0	0	0	0	0	0	0	0	0	0	0	0	0	0	0	0	0	0	0	0	0	0	0
sample93	23360120.08	7263627.207	3342342.464	2249388	1332729.117	0	0	794051.106	0	6892.176	84157.085	27205.948	0	0	0	1813.73	0	0	0	0	0	0	0	0	0	0	0	0	0	0	0	0	0	0	0	0	0	0	0	0	0	0	0	0	0	0	0	0	0	0	0	0	0	0	0	0	0	0	0	0	0	0	0	0	0	0	0	0	0	0	0	0	0	0	0
sample94	23855200	8951937	4079440	3866188	2350803	0	0	581956.7	0	0	129962	42722.3	0	3590.109	0	1077.033	0	0	0	0	30156.92	2872.087	0	359.0109	0	0	0	0	0	0	0	0	0	0	0	0	0	0	0	0	0	0	0	0	0	0	0	0	0	0	0	0	0	0	0	0	0	0	0	0	0	0	0	0	0	0	0	0	0	0	0	0	0	0	0
sample95	99896972.11	35898891.18	20607808.64	9837324	7344550.37	0	0	2306795.513	0	0	203924.639	221869.967	0	0	0	0	0	0	0	0	0	6525.589	0	0	0	0	0	0	0	0	0	0	0	0	0	0	0	0	0	0	0	0	0	0	0	0	0	0	0	0	0	0	0	0	0	0	0	0	0	0	0	0	0	0	0	0	0	0	0	0	0	0	0	0	0
sample96	39142858.13	17970802.14	7601644.52	6369873.6	1685625.85	0	4186.85	1042525.66	0	0	223577.78	82062.26	0	0	0	0	0	0	0	0	0	0	0	0	5024.22	0	4186.85	0	0	0	0	0	0	0	0	0	0	0	0	0	0	0	0	0	0	0	0	0	0	0	0	0	0	0	0	0	0	0	0	0	0	0	0	0	0	0	0	0	0	0	0	0	0	0	0
sample97	56856938.38	27156436.45	8137370.376	5615276.5	2595741.27	0	1292.056	3068634.139	0	0	560752.441	191224.356	0	2584.113	0	5168.225	0	0	0	0	776525.848	0	0	0	0	0	12920.563	0	0	0	0	0	0	0	0	0	0	0	0	0	0	0	0	0	0	0	0	0	0	0	0	0	0	0	0	0	0	0	0	0	0	0	0	0	0	0	0	0	0	0	0	0	0	0	0
sample98	278263890.2	132529552.6	37709536.54	26526706	14102066.6	0	0	11033289.92	0	0	1976500.23	656666.1	0	0	0	0	0	0	0	0	0	0	0	0	0	0	19504.93	0	0	0	0	0	0	0	0	0	0	0	0	0	0	0	0	0	0	0	0	0	0	0	0	0	0	0	0	0	0	0	0	0	0	0	0	0	0	0	0	0	0	0	0	0	0	0	0
sample99	26351979.89	17432804.42	3696948.237	3721193.9	1571574.94	0	2204.172	981407.782	3306.259	2755.216	153189.983	96983.59	0	6061.474	0	0	0	0	0	0	23143.811	1653.129	0	1102.086	0	0	0	0	0	0	0	0	0	0	0	0	0	0	0	0	0	0	0	0	0	0	0	0	0	0	0	0	0	0	0	0	0	0	0	0	0	0	0	0	0	0	0	0	0	0	0	0	0	0	0
sample100	119581200	66666940	17770270	16837380	3591759	0	0	2970921	0	9751.382	825617	503821.4	0	9751.382	0	6500.921	0	0	0	0	0	0	0	0	9751.382	0	0	0	0	0	0	0	0	0	0	0	0	0	0	0	0	0	0	0	0	0	0	0	0	0	0	0	0	0	0	0	0	0	0	0	0	0	0	0	0	0	0	0	0	0	0	0	0	0	0
sample101	23330563.13	28872456.22	4012542.31	3578249.7	3110653.09	0	3996.556	924536.641	0	3996.556	158530.06	305070.426	1332.185	0	0	0	0	0	2664.371	0	1332.185	0	0	2664.371	0	0	3996.556	0	0	0	0	0	0	0	0	0	0	0	0	0	0	0	0	0	0	0	0	0	0	0	0	0	0	0	0	0	0	0	0	0	0	0	0	0	0	0	0	0	0	0	0	0	0	0	0
sample102	43100753.2	46642861.23	6717429.928	3978943.9	5338914.189	0	2060.561	2124438.642	0	0	372961.586	1063249.6	0	0	0	18545.05	0	0	6181.684	0	107149.185	8242.245	0	0	0	0	4121.123	0	0	0	0	0	0	0	0	0	0	0	0	0	0	0	0	0	0	0	0	0	0	0	0	0	0	0	0	0	0	0	0	0	0	0	0	0	0	0	0	0	0	0	0	0	0	0	0
sample103	49941950.22	67899290.51	9632928.414	5049720.5	6000952.94	0	0	3110846.499	0	0	712285.974	999021	0	0	0	0	0	0	13654.05	0	0	0	0	2275.674	0	0	29583.764	0	0	0	0	0	0	0	0	0	0	0	0	0	0	0	0	0	0	0	0	0	0	0	0	0	0	0	0	0	0	0	0	0	0	0	0	0	0	0	0	0	0	0	0	0	0	0	0
sample104	41815774.82	74080914.23	15920169.95	6652731.1	5031661.47	0	4882.739	5231854.511	0	0	634756.019	217281.9	0	0	0	9765.477	0	0	0	7324.108	68358.34	9765.477	0	0	0	0	0	0	0	0	0	0	0	0	0	0	0	0	0	0	0	0	0	0	0	0	0	0	0	0	0	0	0	0	0	0	0	0	0	0	0	0	0	0	0	0	0	0	0	0	0	0	0	0	0
sample105	37051174.91	45472502.02	7382464.7	3098192.88	3723853.9	0	0	1739805.76	1672.89	0	279372.67	560418.2	0	0	0	0	0	0	0	3345.78	0	0	0	0	0	0	0	0	0	0	0	0	0	0	0	0	0	0	0	0	0	0	0	0	0	0	0	0	0	0	0	0	0	0	0	0	0	0	0	0	0	0	0	0	0	0	0	0	0	0	0	0	0	0	0
sample106	34411129.87	50864869.53	18460294.86	5133221.4	3218106.23	0	0	3789592.421	0	0	411470.523	121917.19	0	0	0	10159.77	0	0	175256	0	0	0	0	0	0	0	0	0	0	0	0	0	0	2539.941	0	0	0	0	0	0	0	0	0	0	0	0	0	0	0	0	0	0	0	0	0	0	0	0	0	0	0	0	0	0	0	0	0	0	0	0	0	0	0	0	0
sample107	24889455.78	31432124.04	8743958.184	1335359.16	2083631.301	0	4706.113	2943673.739	0	0	514142.785	637678.3	4706.113	0	0	4706.113	0	0	1176.528	0	8235.698	0	0	0	0	0	8235.698	0	0	0	0	0	0	0	0	0	0	0	0	0	0	0	0	0	0	0	0	0	0	0	0	0	0	0	0	0	0	0	0	0	0	0	0	0	0	0	0	0	0	0	0	0	0	0	0
sample108	26330985.57	32023621.85	7980761.926	2635109.278	2549619.7	0	0	2407554.855	0	16343.71	556943.532	681407.2	0	0	0	3771.626	0	0	6286.044	0	0	0	1257.209	0	0	0	18858.132	0	0	0	0	0	0	0	0	0	0	0	0	0	0	0	0	0	0	0	0	0	0	0	0	0	0	0	0	0	0	0	0	0	0	0	0	0	0	0	0	0	0	0	0	0	0	0	0
sample109	61258685.24	87013539.58	22486261.41	5544868.7	7056071.66	3787.479	0	4677536.561	0	0	1458179.372	318148.2	0	0	0	15149.91	0	0	3787.479	0	30299.83	30299.83	0	0	0	0	0	0	0	0	0	0	0	0	0	0	0	0	0	0	0	0	0	0	0	0	0	0	0	0	0	0	0	0	0	0	0	0	0	0	0	0	0	0	0	0	0	0	0	0	0	0	0	0	0
sample110	24236004.66	35424999.39	5253579.562	1961957.64	2178550.32	0	1942.533	1397652.367	0	0	379765.112	841116.6	0	0	0	7770.131	0	0	1942.533	0	0	0	0	0	0	0	5827.598	0	0	0	0	0	0	0	0	0	0	0	0	0	0	0	0	0	0	0	0	0	0	0	0	0	0	0	0	0	0	0	0	0	0	0	0	0	0	0	0	0	0	0	0	0	0	0	0
sample111	14021653.67	16708443.69	3721719.598	1138585.35	1625953.447	0	0	1131061.663	0	0	291752.049	331878.429	0	0	0	1671.932	0	0	3343.863	0	0	0	0	0	0	0	19227.213	0	0	0	0	0	0	0	0	0	0	0	0	0	0	0	0	0	0	0	0	0	0	0	0	0	0	0	0	0	0	0	0	0	0	0	0	0	0	0	0	0	0	0	0	0	0	0	0
sample112	62428570.4	89611539.49	22565975.6	5593738.1	8913218.04	0	0	4836852.91	0	10812.64	1697584.177	306358.1	0	0	0	28833.7	0	0	7208.425	0	18021.063	0	0	0	0	0	0	0	0	0	0	0	0	0	0	0	0	0	0	0	0	0	0	0	0	0	0	0	0	0	0	0	0	0	0	0	0	0	0	0	0	0	0	0	0	0	0	0	0	0	0	0	0	0	0
sample113	22755541.55	30611547.72	3980527.882	1574701.24	1543184.11	0	0	1079762.04	0	0	257975.538	803109.5	0	0	0	4669.241	0	0	3501.931	0	0	0	0	0	0	0	1167.31	0	0	0	0	0	0	0	0	0	0	0	0	0	0	0	0	0	0	0	0	0	0	0	0	0	0	0	0	0	0	0	0	0	0	0	0	0	0	0	0	0	0	0	0	0	0	0	0
sample114	23646313.88	40334261.56	20801597.46	808666.9	6108151.907	0	1630119	10129112.32	319631.2	7441013.624	2860698.9	453876.257	645654.984	0	217349.187	111870.9	3196.312	54337.301	252508.6	67122.548	0	57533.612	0	0	0	0	0	0	134245.096	0	0	0	0	0	0	0	0	0	0	0	0	0	0	0	0	0	0	0	0	0	0	0	0	0	0	0	0	0	0	0	0	0	0	0	0	0	0	0	0	0	0	0	0	0	0
sample115	6533367.169	21742183.74	2273614.186	289856	1626050.7	0	1060623.495	1719495.056	10713.36	1821867	413059.705	270810.034	29759.347	0	76779.118	0	4166.309	22021.917	28568.97	10118.178	0	2975.935	0	0	0	0	0	0	0	0	0	0	0	0	0	0	0	0	0	0	0	0	0	0	0	0	0	0	0	0	0	0	0	0	0	0	0	0	0	0	0	0	0	0	0	0	0	0	0	0	0	0	0	0	0
sample116	47364975.36	35687890.82	17358829.34	1501899.7	5796892.89	0	0	4961415.487	0	0	810976.954	1041284.7	0	0	0	22050.74	2450.082	0	144554.8	0	0	0	0	7350.245	0	0	115153.839	0	0	0	0	0	0	0	0	0	0	0	0	0	0	0	0	0	0	0	0	0	0	0	0	0	0	0	0	0	0	0	0	0	0	0	0	0	0	0	0	0	0	0	0	0	0	0	0
sample117	35175005.84	51302254.4	13572961.19	2224925.08	2750062.48	0	2303.235	6806058.676	0	0	997300.685	866016.2	0	0	0	0	6909.704	0	16122.64	0	0	9212.939	0	2303.235	0	6909.704	29942.052	0	0	0	0	0	0	0	0	0	0	0	0	0	0	0	0	0	0	0	0	0	0	0	0	0	0	0	0	0	0	0	0	0	0	0	0	0	0	0	0	0	0	0	0	0	0	0	0
sample118	25390327.64	51530572.64	14075024.52	2699731.1	1491280.3	0	0	4251004.628	0	0	1116317.288	239976.11	0	0	0	12855.86	0	0	32139.65	2142.644	0	0	0	0	0	4285.287	14998.504	0	0	0	0	0	0	0	0	0	0	0	0	0	0	0	0	0	0	0	0	0	0	0	0	0	0	0	0	0	0	0	0	0	0	0	0	0	0	0	0	0	0	0	0	0	0	0	0
sample119	22305713.53	17013699.95	8015208.004	464268.882	961386.99	0	0	4517862.19	13139.68	0	715017.837	411710.1	0	0	0	0	9854.764	0	129206.9	0	0	7664.816	0	9854.764	0	4379.895	82123.031	0	0	0	0	0	0	0	0	0	0	0	0	0	0	0	0	0	0	0	0	0	0	0	0	0	0	0	0	0	0	0	0	0	0	0	0	0	0	0	0	0	0	0	0	0	0	0	0
sample120	26145244.66	55185447.49	13324062.05	2371691.76	1175652.47	0	4530.453	2904020.422	52100.21	4530.453	457575.803	208400.88	0	0	0	0	0	0	274092.4	0	0	0	0	33978.4	0	0	11326.132	0	0	0	0	0	0	0	0	0	0	0	0	0	0	0	0	0	0	0	0	0	0	0	0	0	0	0	0	0	0	0	0	0	0	0	0	0	0	0	0	0	0	0	0	0	0	0	0
sample121	42147469.98	37772472.36	6250604.1	2579213.8	2862759.55	0	0	1205593.634	23103.71	0	241538.782	1432430.1	0	0	0	0	128120.6	0	65110.46	0	0	0	0	10501.69	0	0	2100.337	0	0	0	4200.675	0	0	0	0	0	0	0	0	0	0	0	0	0	0	0	0	0	0	0	0	0	0	0	0	0	0	0	0	0	0	0	0	0	0	0	0	0	0	0	0	0	0	0	0
sample122	44018200.12	58074645.7	10950787.83	2695106.2	2348791.9	0	0	3672604.99	30721.42	0	600464.032	1385256.6	2792.856	0	0	0	22342.85	0	11171.42	0	0	5585.712	0	11171.42	0	0	0	0	0	0	5585.712	0	0	0	0	0	0	0	0	0	0	0	0	0	0	0	0	0	0	0	0	0	0	0	0	0	0	0	0	0	0	0	0	0	0	0	0	0	0	0	0	0	0	0	0
sample123	69991679.4	91428818.56	5803586.63	7227911.1	2895415.45	0	0	1747453.65	0	0	718539.35	2057828.2	0	0	0	21258.56	25510.27	0	0	0	0	0	0	0	0	0	0	0	0	0	0	0	0	0	0	0	0	0	0	0	0	0	0	0	0	0	0	0	0	0	0	0	0	0	0	0	0	0	0	0	0	0	0	0	0	0	0	0	0	0	0	0	0	0	0
sample124	109430482.6	192875919.6	27319840.91	11931578.5	3865955.45	0	0	6094862.37	0	0	1681124.09	724079.7	0	0	0	12592.69	113334.2	0	100741.5	18889.04	0	0	0	0	0	0	12592.69	0	0	0	0	0	0	0	0	0	0	0	0	0	0	0	0	0	0	0	0	0	0	0	0	0	0	0	0	0	0	0	0	0	0	0	0	0	0	0	0	0	0	0	0	0	0	0	0
sample125	36377688.26	42697671.34	4052249.79	3959689.1	2450134.41	0	0	741846.204	1361.186	0	367520.182	1207371.771	0	0	0	14973.04	1361.186	0	2722.371	0	0	0	0	5444.743	0	0	9528.3	0	0	0	0	0	0	0	0	0	0	0	0	0	0	0	0	0	0	0	0	0	0	0	0	0	0	0	0	0	0	0	0	0	0	0	0	0	0	0	0	0	0	0	0	0	0	0	0
sample126	81278214.03	70976558.58	23937794.32	6781199.8	9166642.9	0	0	4472706.477	0	0	1388302.172	2581024.2	0	0	0	67331.06	272530.5	0	76949.78	0	0	0	0	0	0	0	41681.131	3206.241	0	0	0	0	0	0	0	0	0	0	0	0	0	0	0	0	0	0	0	0	0	0	0	0	0	0	0	0	0	0	0	0	0	0	0	0	0	0	0	0	0	0	0	0	0	0	0
sample127	59636245.71	76616183.24	24816297.1	9317630.7	5634947.52	0	0	7665713.27	0	0	1457372.97	2143396.8	0	0	0	30717.46	1058046.15	0	109217.6	0	0	0	0	0	0	0	75087.13	0	0	0	0	0	0	0	0	0	0	0	0	0	0	0	0	0	0	0	0	0	0	0	0	0	0	0	0	0	0	0	0	0	0	0	0	0	0	0	0	0	0	0	0	0	0	0	0
sample128	96429406.68	91434444.35	17968573.92	6254093.7	8086688.42	0	0	6653026.86	0	0	3129124.61	6083717	0	0	0	41555.44	565154	0	58177.62	0	0	0	0	16622.18	0	0	24933.27	0	0	0	0	0	0	0	0	0	0	0	0	0	0	0	0	0	0	0	0	0	0	0	0	0	0	0	0	0	0	0	0	0	0	0	0	0	0	0	0	0	0	0	0	0	0	0	0
sample129	66263413.11	83580138.07	15381000.48	4172783.8	5034198.76	0	0	4339827.206	0	0	1418222.585	1293759.5	0	0	0	39304.09	271853.3	0	0	0	0	0	0	0	0	0	3275.341	0	0	0	0	0	0	0	0	0	0	0	0	0	0	0	0	0	0	0	0	0	0	0	0	0	0	0	0	0	0	0	0	0	0	0	0	0	0	0	0	0	0	0	0	0	0	0	0
sample130	51551930	129658600	32282760	3889842	2348979	0	0	12372970	8374.258	37684.16	2248488	573636.7	4187.129	0	0	92116.83	133988.1	0	657379.2	46058.42	0	12561.39	0	8374.258	0	0	8374.258	0	0	0	0	0	0	0	0	0	0	0	0	0	0	0	0	0	0	0	0	0	0	0	0	0	0	0	0	0	0	0	0	0	0	0	0	0	0	0	0	0	0	0	0	0	0	0	0
sample131	57266058.54	65451553.16	7178467.785	8264014.95	3295905.264	0	4619.349	3489918.242	0	0	170915.91	1880074.974	0	0	0	11548.37	157057.9	0	13858.05	0	0	0	0	0	0	0	0	0	0	0	0	0	0	0	0	0	0	0	0	0	0	0	0	0	0	0	0	0	0	0	0	0	0	0	0	0	0	0	0	0	0	0	0	0	0	0	0	0	0	0	0	0	0	0	0
sample132	31866299.98	30686110.52	4665130.906	1574390.7	1990359.139	0	1209.21	1217674.148	0	0	116084.125	1238230.658	0	0	0	0	96736.77	0	6046.048	0	0	0	0	0	0	0	1209.21	0	0	0	0	0	0	0	0	0	0	0	0	0	0	0	0	0	0	0	0	0	0	0	0	0	0	0	0	0	0	0	0	0	0	0	0	0	0	0	0	0	0	0	0	0	0	0	0
sample133	28291442.24	25002863.83	3533811.014	3549530.4	2215443.66	0	2095.973	1141257.44	0	7335.906	197021.483	1219856.4	2095.973	0	0	1047.987	48207.39	0	0	0	0	0	0	1047.987	0	0	0	4191.947	0	0	0	0	0	0	0	0	0	0	0	0	0	0	0	0	0	0	0	0	0	0	0	0	0	0	0	0	0	0	0	0	0	0	0	0	0	0	0	0	0	0	0	0	0	0	0
sample134	51744023	46779922.81	21325692.23	12071105.27	4046389.221	0	2347.094	8433106.94	0	0	603203.074	1502139.9	0	0	0	9388.374	0	0	25818.03	0	0	11735.468	0	18776.75	0	0	25818.029	0	0	0	0	0	0	0	0	0	0	0	0	0	0	0	0	0	0	0	0	0	0	0	0	0	0	0	0	0	0	0	0	0	0	0	0	0	0	0	0	0	0	0	0	0	0	0	0
sample135	107440054.4	95261707.28	65214479.39	12185657.5	11732170.4	0	0	34823477.66	0	0	892347.02	1974866.4	0	0	0	102400.5	1638408	0	782632.3	7314.32	0	36571.6	0	14628.64	0	0	0	0	0	0	0	0	0	0	0	0	0	0	0	0	0	0	0	0	0	0	0	0	0	0	0	0	0	0	0	0	0	0	0	0	0	0	0	0	0	0	0	0	0	0	0	0	0	0	0
sample136	158080100	217350300	81800950	10737850	9889868	0	0	27007330	0	0	1548065	6734577	0	0	9860.288	108463.2	2928506	0	650779	0	0	19720.58	0	19720.58	0	0	128183.7	9860.288	0	0	0	0	0	0	0	0	0	0	0	0	0	0	0	0	0	0	0	0	0	0	0	0	0	0	0	0	0	0	0	0	0	0	0	0	0	0	0	0	0	0	0	0	0	0	0
sample137	191809005.2	157828878.5	90331493.53	19514044.4	19660846.3	0	0	14838800.84	0	0	5115660.16	2190813	0	0	0	0	1772977	0	282321.2	11292.85	0	45171.39	0	0	0	0	22585.69	0	0	0	0	0	0	0	0	0	0	0	0	0	0	0	0	0	0	0	0	0	0	0	0	0	0	0	0	0	0	0	0	0	0	0	0	0	0	0	0	0	0	0	0	0	0	0	0
sample138	141867900	226778300	62703530	14424480	8123025	29619.05	0	14594790	0	0	3110000	4228119	0	0	0	59238.1	155500	0	59238.1	22214.29	0	22214.29	7404.763	0	0	0	14809.53	0	0	0	0	0	0	0	0	0	0	0	0	0	0	0	0	0	0	0	0	0	0	0	0	0	0	0	0	0	0	0	0	0	0	0	0	0	0	0	0	0	0	0	0	0	0	0	0
sample139	160608500	114556400	23551390	15071120	9848763	0	17658.02	4710277	0	8829.011	768124	1651025	4414.506	0	0	39730.55	75046.59	0	0	0	0	0	0	0	0	0	0	0	0	0	0	0	0	0	0	0	0	0	0	0	0	0	0	0	0	0	0	0	0	0	0	0	0	0	0	0	0	0	0	0	0	0	0	0	0	0	0	0	0	0	0	0	0	0	0
sample140	201715039.6	140364758.5	37102342.36	14051434	12334195.53	0	0	2037885.53	0	49878.32	1816995.89	1717239.5	21376.42	0	0	178136.8	21376.42	0	0	0	0	14250.95	0	0	0	0	0	0	0	0	0	0	0	0	0	0	0	0	0	0	0	0	0	0	0	0	0	0	0	0	0	0	0	0	0	0	0	0	0	0	0	0	0	0	0	0	0	0	0	0	0	0	0	0	0
sample141	171583500	72310620	15074990	17053740	12020520	0	14803.59	858608.3	0	14803.59	621750.8	537863.9	0	0	0	0	4934.531	0	0	0	0	0	0	0	0	0	0	0	0	0	0	0	0	0	0	0	0	0	0	0	0	0	0	0	0	0	0	0	0	0	0	0	0	0	0	0	0	0	0	0	0	0	0	0	0	0	0	0	0	0	0	0	0	0	0
sample142	208694368.6	144228289.9	28560278.11	27470147.1	10958379.48	0	0	2522710.6	0	0	1461117.36	850415.9	0	0	0	45659.92	0	0	0	0	0	17122.47	0	0	0	0	0	0	0	0	0	0	0	0	0	0	0	0	0	0	0	0	0	0	0	0	0	0	0	0	0	0	0	0	0	0	0	0	0	0	0	0	0	0	0	0	0	0	0	0	0	0	0	0	0
sample143	108344300	51289240	19541130	12664790	5076796	0	4532.854	675395.2	0	0	439686.8	444219.7	0	0	0	13598.56	0	0	0	0	0	4532.854	0	0	0	0	0	0	0	0	0	0	0	0	0	0	0	0	0	0	0	0	0	0	0	0	0	0	0	0	0	0	0	0	0	0	0	0	0	0	0	0	0	0	0	0	0	0	0	0	0	0	0	0	0
sample144	54808313.49	30530391.73	8564106.822	7308325.1	3217116.558	0	9914.074	1283872.551	29742.22	0	223066.618	399867.61	0	1652.346	0	14871.11	0	0	0	0	0	0	0	0	0	0	0	0	0	0	0	0	0	0	0	0	0	0	0	0	0	0	0	0	0	0	0	0	0	0	0	0	0	0	0	0	0	0	0	0	0	0	0	0	0	0	0	0	0	0	0	0	0	0	0
sample145	131353585.7	105086590.3	22067992.79	12737652.16	7225280.42	0	14798.32	1801695.3	0	0	721417.98	1376243.7	0	0	0	92489.5	25897.06	0	0	0	0	0	0	0	0	0	0	0	0	0	0	0	0	0	0	0	0	0	0	0	0	0	0	0	0	0	0	0	0	0	0	0	0	0	0	0	0	0	0	0	0	0	0	0	0	0	0	0	0	0	0	0	0	0	0
sample146	59523194.98	24992641.65	7121521.474	9006373.942	4077434.484	3496.942	10490.83	300736.99	10490.83	3496.942	305982.435	410890.7	0	0	0	1748.471	0	0	0	0	0	1748.471	0	0	0	0	1748.471	1748.471	0	0	0	0	0	1748.471	0	0	0	0	0	0	0	0	0	0	0	0	0	0	0	0	0	0	0	0	0	0	0	0	0	0	0	0	0	0	0	0	0	0	0	0	0	0	0	0	0
sample147	164079300	63070210	16581520	24198650	8860747	0	43181.03	1986327	120906.9	0	293631	820439.5	0	0	0	0	0	0	0	8636.206	0	0	0	0	0	0	0	0	0	0	0	0	0	0	0	0	0	0	0	0	0	0	0	0	0	0	0	0	0	0	0	0	0	0	0	0	0	0	0	0	0	0	0	0	0	0	0	0	0	0	0	0	0	0	0
sample148	171979436.3	106040837.6	28115318	15819065	6534694.8	0	0	1048778	0	0	436990.8	679016.5	0	0	0	0	0	0	0	0	0	0	0	0	0	0	0	0	0	0	0	0	0	0	0	0	0	0	0	0	0	0	0	0	0	0	0	0	0	0	0	0	0	0	0	0	0	0	0	0	0	0	0	0	0	0	0	0	0	0	0	0	0	0	0
sample149	181857392.6	116966997.4	48629281.23	9794502.6	5292711.95	0	29846.12	1800716.13	0	0	184051.09	691435.2	14923.06	0	0	19897.41	0	0	0	0	0	0	0	0	0	0	0	0	0	0	0	0	0	0	0	0	0	0	0	0	0	0	0	0	0	0	0	0	0	0	0	0	0	0	0	0	0	0	0	0	0	0	0	0	0	0	0	0	0	0	0	0	0	0	0
sample150	113489300	40181000	21066140	3605568	4175807	2969.991	11879.96	1012767	0	0	118799.6	305909.1	0	0	0	0	0	0	0	0	0	0	0	0	0	0	0	0	0	0	0	0	0	0	0	0	0	0	0	0	0	0	0	0	0	0	0	0	0	0	0	0	0	0	0	0	0	0	0	0	0	0	0	0	0	0	0	0	0	0	0	0	0	0	0
sample151	146674400	50550490	19438400	14767160	7259486	13295.76	22159.6	589445.5	0	0	212732.2	354553.7	8863.841	0	0	0	0	0	0	0	0	0	0	0	0	0	0	0	0	0	0	0	0	0	0	0	0	0	0	0	0	0	0	0	0	0	0	0	0	0	0	0	0	0	0	0	0	0	0	0	0	0	0	0	0	0	0	0	0	0	0	0	0	0	0
sample152	113340197.1	63451432.36	19094260.89	9030175.7	4560342.74	20887.06	38292.96	1072202.9	62661.2	13924.71	135765.94	268050.7	0	0	0	0	0	0	0	0	0	0	0	0	0	0	0	0	0	0	0	0	0	0	0	0	0	0	0	0	0	0	0	0	0	0	0	0	0	0	0	0	0	0	0	0	0	0	0	0	0	0	0	0	0	0	0	0	0	0	0	0	0	0	0
sample153	142676427	60138295.19	33055972.25	8475615.3	8775637.1	10715.06	42860.26	1044718.75	0	0	262519.05	251803.95	0	0	0	0	0	0	0	0	0	10715.06	0	0	0	0	0	0	0	0	0	0	0	0	0	0	0	0	0	0	0	0	0	0	0	0	0	0	0	0	0	0	0	0	0	0	0	0	0	0	0	0	0	0	0	0	0	0	0	0	0	0	0	0	0
sample154	112954700	48393180	22478600	9390918	4966268	0	20059.94	739352.2	8597.118	0	106031.1	189136.6	0	0	0	0	0	0	0	0	0	0	0	0	0	0	0	0	0	0	0	0	0	0	0	0	0	0	0	0	0	0	0	0	0	0	0	0	0	0	0	0	0	0	0	0	0	0	0	0	0	0	0	0	0	0	0	0	0	0	0	0	0	0	0
sample155	105394128.5	32215144.92	15007099.49	7646490.9	7009282.6	0	0	771537.85	0	0	330659.11	375435.77	0	0	0	0	0	0	0	0	0	6888.73	0	0	0	0	0	0	0	0	0	0	0	0	0	0	0	0	0	0	0	0	0	0	0	0	0	0	0	0	0	0	0	0	0	0	0	0	0	0	0	0	0	0	0	0	0	0	0	0	0	0	0	0	0
sample156	56973867.09	24724711.48	4278526.42	3213606.9	4578750.2	5385.181	0	430814.476	0	0	180403.579	315033.14	0	0	0	0	0	0	0	1346.295	0	0	0	0	0	0	1346.295	0	0	0	0	0	0	0	0	0	0	0	0	0	0	0	0	0	0	0	0	0	0	0	0	0	0	0	0	0	0	0	0	0	0	0	0	0	0	0	0	0	0	0	0	0	0	0	0
sample157	365912700	247687300	46200400	38791860	24276960	18315.32	164837.9	4560516	558617.4	0	1034816	1327861	18315.32	0	0	18315.32	0	0	9157.661	0	0	36630.65	0	0	0	0	0	0	0	0	0	0	0	0	0	0	0	0	0	0	0	0	0	0	0	0	0	0	0	0	0	0	0	0	0	0	0	0	0	0	0	0	0	0	0	0	0	0	0	0	0	0	0	0	0
sample158	224415800	121581100	35962970	24354330	14394710	0	119063	1643069	119063	0	494111.3	1083473	0	0	0	5953.149	0	0	0	5953.149	0	11906.3	0	0	0	0	0	0	0	0	0	0	0	0	0	0	0	0	0	0	0	0	0	0	0	0	0	0	0	0	0	0	0	0	0	0	0	0	0	0	0	0	0	0	0	0	0	0	0	0	0	0	0	0	0
sample159	119343400	61184950	25591170	12680930	7196898	2831.195	39636.73	1817627	39636.73	22649.56	662499.6	206677.3	0	0	0	31143.14	0	0	0	0	0	0	0	0	0	0	0	0	0	0	0	0	0	0	0	0	0	0	0	0	0	0	0	0	0	0	0	0	0	0	0	0	0	0	0	0	0	0	0	0	0	0	0	0	0	0	0	0	0	0	0	0	0	0	0
sample160	231305800	98247100	48633000	13442710	12065740	0	8606.088	2142916	0	0	335637.5	559395.7	0	0	0	0	0	0	0	0	0	0	0	0	0	0	0	0	0	0	0	0	0	0	0	0	0	0	0	0	0	0	0	0	0	0	0	0	0	0	0	0	0	0	0	0	0	0	0	0	0	0	0	0	0	0	0	0	0	0	0	0	0	0	0
sample161	253406200	175343900	46656520	33003740	17630090	0	17559.85	1975483	17559.85	0	1194070	957011.7	0	0	0	17559.85	0	0	0	0	0	8779.925	0	0	0	0	0	0	0	0	0	0	0	0	0	0	0	0	0	0	0	0	0	0	0	0	0	0	0	0	0	0	0	0	0	0	0	0	0	0	0	0	0	0	0	0	0	0	0	0	0	0	0	0	0
sample162	234168400	95981470	31689120	33229110	16375730	0	90587.41	2804092	119410.7	0	465289.8	312938.3	0	0	0	4117.609	0	0	0	0	0	16470.44	0	0	0	0	0	0	0	0	0	0	0	0	0	0	0	0	0	0	0	0	0	0	0	0	0	0	0	0	0	0	0	0	0	0	0	0	0	0	0	0	0	0	0	0	0	0	0	0	0	0	0	0	0
sample163	159568116.4	83024430.25	38709426.54	18867765	10739903.3	0	0	1328462.75	0	0	453293	332115.7	0	0	0	0	0	0	0	13464.15	0	13464.15	0	0	0	0	0	0	0	0	0	0	0	0	0	0	0	0	0	0	0	0	0	0	0	0	0	0	0	0	0	0	0	0	0	0	0	0	0	0	0	0	0	0	0	0	0	0	0	0	0	0	0	0	0
sample164	214307328.6	95750056.68	53021188.16	28007705	14862453.2	10868.34	21736.68	2532322.84	0	32605.02	809691.19	423865.24	0	0	0	0	0	0	0	0	0	0	0	0	0	0	0	0	0	0	0	0	0	0	0	0	0	0	0	0	0	0	0	0	0	0	0	0	0	0	0	0	0	0	0	0	0	0	0	0	0	0	0	0	0	0	0	0	0	0	0	0	0	0	0
sample165	442172751.4	249361295.6	71523719.67	27558131	25184631.82	0	0	5065599.57	0	0	589393.63	1019491.7	0	0	0	63718.23	0	0	0	0	0	0	0	0	0	0	0	0	0	0	0	0	0	0	0	0	0	0	0	0	0	0	0	0	0	0	0	0	0	0	0	0	0	0	0	0	0	0	0	0	0	0	0	0	0	0	0	0	0	0	0	0	0	0	0
sample166	182394675.3	143661302.9	32731362.9	16062920.5	13986852.2	0	0	1470549.2	0	0	652098.7	738601.5	0	0	0	0	0	0	0	0	0	0	0	0	0	0	0	0	0	0	0	0	0	0	0	0	0	0	0	0	0	0	0	0	0	0	0	0	0	0	0	0	0	0	0	0	0	0	0	0	0	0	0	0	0	0	0	0	0	0	0	0	0	0	0
sample167	233380011.6	136758350.7	32283698.05	23709674.2	14971769.36	13110.13	13110.13	3402079.16	0	0	517850.18	648951.5	0	0	0	0	0	0	0	0	0	0	0	0	0	0	0	0	0	13110.13	19665.2	19665.2	0	0	0	0	0	0	0	0	0	0	0	0	0	0	0	0	0	0	0	0	0	0	0	0	0	0	0	0	0	0	0	0	0	0	0	0	0	0	0	0	0	0	0
sample168	101802844.6	43757001.85	15786639	9099409	4537763.51	0	0	794961.5	0	0	150121.49	201299.28	0	0	0	0	0	0	10235.56	0	0	0	0	0	0	0	0	0	0	0	0	0	0	0	0	0	0	0	0	0	0	0	0	0	0	0	0	0	0	0	0	0	0	0	0	0	0	0	0	0	0	0	0	0	0	0	0	0	0	0	0	0	0	0	0
sample169	42517455.53	15048631.94	6957717.008	4691319.8	2811518.72	0	5113.712	693419.333	18409.36	0	203525.696	65455.517	0	0	0	12272.91	0	0	0	0	0	0	0	0	0	0	0	0	0	0	0	0	0	0	0	0	0	0	0	0	0	0	0	0	0	0	0	0	0	0	0	0	0	0	0	0	0	0	0	0	0	0	0	0	0	0	0	0	0	0	0	0	0	0	0
sample170	141471600	26332310	25596130	15669470	7381706	0	0	1235836	0	0	403062.5	119919.4	0	0	0	3331.095	0	0	0	0	0	0	0	0	0	0	0	0	0	0	0	0	0	0	0	0	0	0	0	0	0	0	0	0	0	0	0	0	0	0	0	0	0	0	0	0	0	0	0	0	0	0	0	0	0	0	0	0	0	0	0	0	0	0	0
sample171	4765750.87	1177748.693	610663.7621	605018.812	320290.864	451.5909	903.1817	42223.7417	0	0	15918.5775	9257.613	0	0	0	0	0	0	0	0	0	451.5909	0	0	0	0	0	0	0	0	0	0	0	0	0	0	0	0	0	0	0	0	0	0	0	0	0	0	0	0	0	0	0	0	0	0	0	0	0	0	0	0	0	0	0	0	0	0	0	0	0	0	0	0	0
sample172	118619500	47249320	20014730	16639990	8770668	12139.33	21243.83	1614531	130497.8	0	291344	145672	9104.5	0	0	0	0	0	0	3034.833	0	15174.17	0	0	0	0	0	0	0	0	0	0	0	0	0	0	0	0	0	0	0	0	0	0	0	0	0	0	0	0	0	0	0	0	0	0	0	0	0	0	0	0	0	0	0	0	0	0	0	0	0	0	0	0	0
sample173	245439217.9	78800425.24	50160367.05	28794083	21464295.99	35003.74	35003.74	1267135.47	0	21002.25	490052.48	294031.5	0	0	0	0	0	0	0	0	0	0	0	0	0	0	0	0	0	0	0	0	0	0	0	0	0	0	0	0	0	0	0	0	0	0	0	0	0	0	0	0	0	0	0	0	0	0	0	0	0	0	0	0	0	0	0	0	0	0	0	0	0	0	0
sample174	77920184.1	23228756.2	13825727.19	10558701.5	4570759.05	5768.732	5768.732	815314.068	17306.2	0	240363.868	48072.77	0	0	0	3845.821	0	0	0	0	0	0	0	0	0	0	1922.911	0	0	0	0	0	0	0	0	0	0	0	0	0	0	0	0	0	0	0	0	0	0	0	0	0	0	0	0	0	0	0	0	0	0	0	0	0	0	0	0	0	0	0	0	0	0	0	0
sample175	107098812.6	21656518.14	16113662.66	12145824	7806948.28	0	0	832943.08	0	0	381134.57	63101.75	0	0	0	7572.21	0	0	0	0	0	0	0	0	0	0	2524.07	0	0	0	0	0	0	0	0	0	0	0	0	0	0	0	0	0	0	0	0	0	0	0	0	0	0	0	0	0	0	0	0	0	0	0	0	0	0	0	0	0	0	0	0	0	0	0	0
sample176	26454780	8898734	2010814	2888334	2735076	512.5704	2050.282	155821.4	0	1025.141	67146.72	27166.23	0	0	0	0	0	0	0	0	0	0	0	0	0	0	0	0	0	0	0	0	0	0	0	0	0	0	0	0	0	0	0	0	0	0	0	0	0	0	0	0	0	0	0	0	0	0	0	0	0	0	0	0	0	0	0	0	0	0	0	0	0	0	0
sample177	1825735.863	632202.7869	202370.0267	202226.397	141410.0134	0	718.3034	30503.9567	1436.607	47.8869	5028.1232	4692.9156	95.7738	0	0	47.8869	0	0	0	0	0	191.5476	0	0	0	0	0	0	0	0	0	0	0	0	0	0	0	0	0	0	0	0	0	0	0	0	0	0	0	0	0	0	0	0	0	0	0	0	0	0	0	0	0	0	0	0	0	0	0	0	0	0	0	0	0
sample178	131519600	69276760	28500940	15142600	6943584	0	30096.03	1655282	42994.33	0	455739.8	335355.8	0	0	0	0	0	0	0	21497.16	0	8598.865	0	0	0	0	0	0	0	0	0	0	0	0	0	0	0	0	0	0	0	0	0	0	0	0	0	0	0	0	0	0	0	0	0	0	0	0	0	0	0	0	0	0	0	0	0	0	0	0	0	0	0	0	0
sample179	59567713.29	28817203.38	9371809.676	8775638.3	4728488.15	0	10220.08	735845.454	32363.57	11923.42	122640.914	66430.49	3406.692	0	0	0	0	0	0	0	0	0	0	0	0	0	0	0	0	0	0	0	0	0	0	0	0	0	0	0	0	0	0	0	0	0	0	0	0	0	0	0	0	0	0	0	0	0	0	0	0	0	0	0	0	0	0	0	0	0	0	0	0	0	0
sample180	115673400	26028800	12602870	13682710	9672865	7034.811	0	1878294	0	0	256770.6	35174.06	0	0	0	0	0	0	0	7034.811	0	7034.811	0	0	0	0	0	0	0	0	0	0	0	3517.405	0	0	0	0	0	0	0	0	0	0	0	0	0	0	0	0	0	0	0	0	0	0	0	0	0	0	0	0	0	0	0	0	0	0	0	0	0	0	0	0	0
sample181	95644608.62	46154068.62	13519878.05	12650094	6996520.04	0	0	1360337.623	0	0	518389.585	111331.99	0	0	0	0	0	0	0	0	0	3479.124	0	0	0	0	0	0	0	0	0	0	0	0	0	0	0	0	0	0	0	0	0	0	0	0	0	0	0	0	0	0	0	0	0	0	0	0	0	0	0	0	0	0	0	0	0	0	0	0	0	0	0	0	0
sample182	120128064.3	53982284.63	25619603.76	16394589.27	8105233.86	0	26303.49	1596997.76	93941.05	0	439644.22	161578.63	0	0	0	0	0	0	0	0	0	11272.93	0	0	0	0	0	0	0	0	0	0	0	0	0	0	0	0	0	0	0	0	0	0	0	0	0	0	0	0	0	0	0	0	0	0	0	0	0	0	0	0	0	0	0	0	0	0	0	0	0	0	0	0	0
sample183	160392992	96855079.95	44826098.84	17780450.5	10371930.45	12095.55	0	1838523.04	0	0	816449.34	338675.25	0	0	0	0	0	0	0	0	0	0	0	0	0	0	0	0	0	0	0	0	0	0	0	0	0	0	0	0	0	0	0	0	0	0	0	0	0	0	0	0	0	0	0	0	0	0	0	0	0	0	0	0	0	0	0	0	0	0	0	0	0	0	0
sample184	43787933.5	17372599.86	7662101.34	7484936.4	2598761.31	1048.31	3144.931	426662.317	0	0	111120.906	29352.69	0	0	0	0	0	0	0	0	0	3144.931	0	0	0	0	0	0	0	0	0	0	0	0	0	0	0	0	0	0	0	0	0	0	0	0	0	0	0	0	0	0	0	0	0	0	0	0	0	0	0	0	0	0	0	0	0	0	0	0	0	0	0	0	0
sample185	13723385.21	3532515	1393560.822	1350698.16	780240.768	0	3833.251	305614.614	0	0	61680.493	20211.685	0	0	0	1045.432	0	0	0	1742.387	0	0	0	0	0	0	0	0	0	0	0	0	0	0	0	0	0	0	0	0	0	0	0	0	0	0	0	0	0	0	0	0	0	0	0	0	0	0	0	0	0	0	0	0	0	0	0	0	0	0	0	0	0	0	0
sample186	67937277.54	23194989.79	8286628.596	11803884.18	4274028.971	1719.931	0	522859.112	41278.35	0	338826.448	44718.21	0	0	0	1719.931	0	0	0	0	0	8599.656	0	0	0	0	0	0	0	0	0	0	0	0	0	0	0	0	0	0	0	0	0	0	0	0	0	0	0	0	0	0	0	0	0	0	0	0	0	0	0	0	0	0	0	0	0	0	0	0	0	0	0	0	0
sample187	167535465.8	60405147.96	20438964.39	26779751.6	12063699	0	0	4163143.95	0	0	847698.91	399360.37	0	0	0	0	0	0	0	0	0	37675.51	0	0	0	0	0	0	0	0	0	0	0	0	0	0	0	0	0	0	0	0	0	0	0	0	0	0	0	0	0	0	0	0	0	0	0	0	0	0	0	0	0	0	0	0	0	0	0	0	0	0	0	0	0
sample188	228235572.8	133113733.9	57074712.38	29023719.1	12811560.3	23725.11	55358.59	2902371.55	0	0	980637.89	735478.5	0	0	0	0	0	0	0	23725.11	0	0	0	0	0	0	0	0	0	0	0	0	0	0	0	0	0	0	0	0	0	0	0	0	0	0	0	0	0	0	0	0	0	0	0	0	0	0	0	0	0	0	0	0	0	0	0	0	0	0	0	0	0	0	0
sample189	257814080.8	94855935.21	47182365.23	39161634.1	20563222.91	0	0	1406319.78	0	0	1291930.16	127847.26	0	0	0	13457.61	0	0	0	13457.61	0	0	0	0	0	0	0	0	0	0	0	0	0	0	0	0	0	0	0	0	0	0	0	0	0	0	0	0	0	0	0	0	0	0	0	0	0	0	0	0	0	0	0	0	0	0	0	0	0	0	0	0	0	0	0
sample190	183429800	43870640	10907970	17633420	10585620	11938.67	0	1146113	7959.115	11938.67	1575905	107448.1	3979.558	0	0	19897.79	0	0	0	0	0	23877.35	0	0	0	0	0	0	0	0	0	0	0	0	0	0	0	0	0	0	0	0	0	0	0	0	0	0	0	0	0	0	0	0	0	0	0	0	0	0	0	0	0	0	0	0	0	0	0	0	0	0	0	0	0
sample191	89300031.08	32687421.98	3799149.745	15321476.8	6183024.98	0	32019.8	505912.958	68842.58	8004.951	1098279.254	155296.09	0	0	0	4802.971	0	0	0	0	0	8004.951	0	0	0	0	0	0	0	0	0	0	0	0	0	0	0	0	0	0	0	0	0	0	0	0	0	0	0	0	0	0	0	0	0	0	0	0	0	0	0	0	0	0	0	0	0	0	0	0	0	0	0	0	0
sample192	40891600.38	8260913.089	3960509.396	5511380.04	1742985.343	3284.004	25451.03	509020.685	4926.007	4926.007	1045134.376	106730.142	1642.002	0	2463.003	5747.008	0	0	0	2463.003	0	12315.016	0	0	0	0	0	0	0	0	0	0	0	0	0	0	0	0	0	0	0	0	0	0	0	0	0	0	0	0	0	0	0	0	0	0	0	0	0	0	0	0	0	0	0	0	0	0	0	0	0	0	0	0	0
sample193	79720897.53	26150672.26	4275072.869	9152021.4	4348123.4	0	14292.59	246150.122	19056.79	0	1600770.133	338257.919	0	0	0	28585.18	0	0	0	0	0	6352.262	0	0	0	0	0	0	0	0	0	0	0	1588.066	0	0	0	0	0	0	0	0	0	0	0	0	0	0	0	0	0	0	0	0	0	0	0	0	0	0	0	0	0	0	0	0	0	0	0	0	0	0	0	0	0
sample194	431959500.9	201192586.6	43503507.83	55516008	19422800.82	0	11143.32	2930692.35	0	0	1894363.86	345442.86	0	0	0	22286.63	0	0	0	0	0	22286.63	0	0	0	0	0	0	0	0	0	0	0	0	0	0	0	0	0	0	0	0	0	0	0	0	0	0	0	0	0	0	0	0	0	0	0	0	0	0	0	0	0	0	0	0	0	0	0	0	0	0	0	0	0
sample195	266519332.7	96152058.96	7669152.44	47870922	14978109.9	0	0	3236752.29	0	30016.25	3812064	405219.4	0	0	0	35018.96	0	0	0	15008.13	0	40021.67	0	0	0	0	0	0	0	0	0	0	0	0	0	0	0	0	0	0	0	0	0	0	0	0	0	0	0	0	0	0	0	0	0	0	0	0	0	0	0	0	0	0	0	0	0	0	0	0	0	0	0	0	0
sample196	140742600	64232530	3463667	26602300	8874509	18197.9	60659.67	1252622	87956.52	0	2632630	166814.1	6065.967	0	6065.967	39428.79	0	0	0	18197.9	0	39428.79	0	0	0	0	3032.983	0	0	0	0	0	0	0	0	0	0	0	0	0	0	0	0	0	0	0	0	0	0	0	0	0	0	0	0	0	0	0	0	0	0	0	0	0	0	0	0	0	0	0	0	0	0	0	0
sample197	45863148.41	5300070	1750334.102	4616048.49	1783290.18	0	2197.072	212383.635	0	0	186751.13	61518.01	0	0	0	0	0	0	0	0	0	4394.144	0	0	0	0	0	0	0	0	0	0	0	0	0	0	0	0	0	0	0	0	0	0	0	0	0	0	0	0	0	0	0	0	0	0	0	0	0	0	0	0	0	0	0	0	0	0	0	0	0	0	0	0	0
sample198	115265400	44834380	3736611	14129290	5903301	9904.866	0	118858.4	0	0	693340.7	180763.9	4952.433	0	0	9904.866	0	0	0	0	0	4952.433	0	0	0	0	0	0	0	0	0	0	0	0	0	0	0	0	0	0	0	0	0	0	0	0	0	0	0	0	0	0	0	0	0	0	0	0	0	0	0	0	0	0	0	0	0	0	0	0	0	0	0	0	0
sample199	78257460.15	26379910	4523209.71	13110949.8	3816527.393	6584.003	17557.34	555250.992	15362.67	0	923955.147	85592.041	6584.003	0	0	8778.671	0	0	0	6584.003	0	0	0	0	0	0	0	0	0	0	0	0	0	0	0	0	0	0	0	0	0	0	0	0	0	0	0	0	0	0	0	0	0	0	0	0	0	0	0	0	0	0	0	0	0	0	0	0	0	0	0	0	0	0	0
sample200	62861095.79	20452750	1625476.804	8114964.1	1942188.71	0	20182.62	450227.571	0	7762.545	529405.583	94703.05	0	0	0	0	0	0	0	0	0	0	0	0	0	0	0	0	0	0	0	0	0	0	0	0	0	0	0	0	0	0	0	0	0	0	0	0	0	0	0	0	0	0	0	0	0	0	0	0	0	0	0	0	0	0	0	0	0	0	0	0	0	0	0
sample201	42087418.95	15009500	478608.572	8424973.6	2045047.332	0	7307.002	179021.587	25574.51	0	1094223.693	89510.783	0	0	0	6393.627	0	0	0	0	0	0	0	0	0	0	0	0	0	0	0	3653.501	0	0	0	0	0	0	0	0	0	0	0	0	0	0	0	0	0	0	0	0	0	0	0	0	0	0	0	0	0	0	0	0	0	0	0	0	0	0	0	0	0	0	0
sample202	49893645.56	17426489.12	1472713.824	8725111.2	998047.76	0	0	414708.194	0	0	678272.785	127410.4	0	0	0	0	0	0	0	1249.121	0	7494.727	0	0	0	0	0	0	0	0	0	0	0	0	0	0	0	0	0	0	0	0	0	0	0	0	0	0	0	0	0	0	0	0	0	0	0	0	0	0	0	0	0	0	0	0	0	0	0	0	0	0	0	0	0
sample203	77955944.06	30343449.6	1341754.621	14345771.9	3424773.64	0	28594.77	255153.369	54989.94	4399.196	963423.794	292546.51	0	0	0	164969.8	0	0	0	0	0	4399.196	0	0	0	0	0	0	0	0	0	0	0	0	0	0	0	0	0	0	0	0	0	0	0	0	0	0	0	0	0	0	0	0	0	0	0	0	0	0	0	0	0	0	0	0	0	0	0	0	0	0	0	0	0
sample204	43400247.93	17351688.57	1677870.358	10046185.7	405694.04	0	0	330565.502	41070.26	8013.709	1489548.246	225385.614	0	0	0	26044.56	0	0	0	2003.427	0	11018.85	0	0	0	0	0	0	0	0	0	0	0	0	0	0	0	0	0	0	0	0	0	0	0	0	0	0	0	0	0	0	0	0	0	0	0	0	0	0	0	0	0	0	0	0	0	0	0	0	0	0	0	0	0
sample205	54069292.09	23187522.28	1621866.63	8777707	2580664.36	0	0	872598.69	51719.38	0	1404380.08	323577.65	0	0	0	136592.2	0	0	0	11935.24	0	13261.38	0	0	0	0	0	0	0	0	0	0	0	0	0	0	0	0	0	0	0	0	0	0	0	0	0	0	0	0	0	0	0	0	0	0	0	0	0	0	0	0	0	0	0	0	0	0	0	0	0	0	0	0	0
sample206	32995514.76	14724630	327782.072	8020161	2204996.456	2739.126	11869.55	161608.456	47478.18	8217.378	1289215.218	200869.254	0	0	0	11869.55	0	0	0	2739.126	0	18260.84	0	0	0	0	0	0	0	0	0	0	0	0	0	0	0	0	0	0	0	0	0	0	0	0	0	0	0	0	0	0	0	0	0	0	0	0	0	0	0	0	0	0	0	0	0	0	0	0	0	0	0	0	0
sample207	62847642.18	27642425.65	1584648.021	14722305.1	4439555.13	0	7939.118	374726.39	19053.88	3175.647	1348062.263	341382.137	0	0	0	7939.118	0	0	0	0	0	6351.295	0	0	0	0	0	0	0	0	0	0	0	0	0	0	0	0	0	0	0	0	0	0	0	0	0	0	0	0	0	0	0	0	0	0	0	0	0	0	0	0	0	0	0	0	0	0	0	0	0	0	0	0	0
sample208	1072842919	476302186.3	16182079.7	214643740	81401645	0	404552	3380899.3	231172.6	0	36611953	10778421.7	0	0	0	5432555	0	0	0	0	0	144482.9	0	0	0	0	0	0	0	0	0	0	0	0	0	0	0	0	0	0	0	0	0	0	0	0	0	0	0	0	0	0	0	0	0	0	0	0	0	0	0	0	0	0	0	0	0	0	0	0	0	0	0	0	0
sample209	31994322.6	13352122.52	450978.178	4720061	1998322.47	1322.517	3967.55	66787.083	5951.324	0	714158.967	71415.887	0	0	0	19837.75	0	0	0	1983.775	0	6612.583	0	0	0	0	0	0	0	0	0	0	0	0	0	0	0	0	0	0	0	0	0	0	0	0	0	0	0	0	0	0	0	0	0	0	0	0	0	0	0	0	0	0	0	0	0	0	0	0	0	0	0	0	0
sample210	26338720	13341380	556479	4201513	2270845	1283.689	5134.754	117457.5	5134.754	1925.533	905000.4	158535.6	0	0	0	16687.95	0	0	0	641.8443	0	14120.57	0	0	0	0	0	0	0	0	0	0	0	0	0	0	0	0	0	0	0	0	0	0	0	0	0	0	0	0	0	0	0	0	0	0	0	0	0	0	0	0	0	0	0	0	0	0	0	0	0	0	0	0	0
sample211	40879199	23953430	615640.667	10054739.7	3263112.94	0	9789.339	20666.382	36981.95	4350.818	4699970.327	68525.38	0	0	0	0	0	0	0	0	0	44595.88	0	0	0	0	0	0	0	0	0	0	0	0	0	0	0	0	0	0	0	0	0	0	0	0	0	0	0	0	0	0	0	0	0	0	0	0	0	0	0	0	0	0	0	0	0	0	0	0	0	0	0	0	0
sample212	32319377.9	18770275.62	564390.634	7442947.8	2726520.96	0	2982.249	124508.892	29822.49	0	1693917.321	196828.47	5218.935	0	0	9692.309	0	0	0	0	0	5964.498	0	0	0	0	0	0	0	0	0	0	0	0	0	0	0	0	0	0	0	0	0	0	0	0	0	0	0	0	0	0	0	0	0	0	0	0	0	0	0	0	0	0	0	0	0	0	0	0	0	0	0	0	0
sample213	34690434.43	22569908.82	629419.45	8305307	4055043.58	0	0	63951.71	27768.51	0	2234943.54	151464.59	0	0	0	93403.16	0	0	0	0	0	27768.51	0	0	0	0	0	0	0	0	0	0	0	0	0	0	0	0	0	0	0	0	0	0	0	0	0	0	0	0	0	0	0	0	0	0	0	0	0	0	0	0	0	0	0	0	0	0	0	0	0	0	0	0	0
sample214	24479947.01	9181512	473698.06	3165988.5	1522985.692	0	0	76908.569	0	0	702954.107	58783.626	0	0	0	14695.91	0	0	0	0	0	5388.499	0	0	0	0	0	0	0	0	0	0	0	0	0	0	0	0	0	0	0	0	0	0	0	0	0	0	0	0	0	0	0	0	0	0	0	0	0	0	0	0	0	0	0	0	0	0	0	0	0	0	0	0	0
sample215	51911605.12	21639846.68	934942.257	9701885.7	3875947.66	1144.36	0	160210.428	5721.801	2288.72	1808089.044	202551.74	0	0	0	69805.97	5721.801	0	0	0	0	24031.563	0	0	0	0	0	0	0	1144.36	0	0	0	0	0	0	0	0	0	0	0	0	0	0	0	0	0	0	0	0	0	0	0	0	0	0	0	0	0	0	0	0	0	0	0	0	0	0	0	0	0	0	0	0	0
sample216	64342420.08	27965378.89	259972.09	13356579	2188666	0	5444.443	0	6805.553	0	7876747.988	1361.111	1361.111	0	1361.111	0	0	0	0	0	0	85749.971	0	0	0	0	0	0	0	0	0	0	0	0	0	0	0	0	0	0	0	0	0	0	0	0	0	0	0	0	0	0	0	0	0	0	0	0	0	0	0	0	0	0	0	0	0	0	0	0	0	0	0	0	0
sample217	51780132.62	22991254.37	513161.09	8179186.6	2493471.47	6823.95	4094.37	8188.74	0	0	3934690.06	186976.28	0	0	0	2729.58	0	0	0	0	0	0	0	0	0	0	0	0	0	0	0	0	0	0	0	0	0	0	0	0	0	0	0	0	0	0	0	0	0	0	0	0	0	0	0	0	0	0	0	0	0	0	0	0	0	0	0	0	0	0	0	0	0	0	0
sample218	39882507.13	20333395.84	145238.57	6724007.6	2344257.83	8606.73	15061.78	0	31199.39	0	2572336.32	23668.5	0	0	0	0	0	0	0	0	0	19365.14	0	0	0	0	0	0	0	0	0	0	0	0	0	0	0	0	0	0	0	0	0	0	0	0	0	0	0	0	0	0	0	0	0	0	0	0	0	0	0	0	0	0	0	0	0	0	0	0	0	0	0	0	0
sample219	47606882.09	24618480	915338.185	5687318.3	1886473.375	0	0	41183.577	1328.502	0	1664613.557	35869.562	0	0	0	10628.02	0	0	0	0	0	11956.522	0	0	0	0	0	0	0	0	0	0	0	0	0	0	0	0	0	0	0	0	0	0	0	0	0	0	0	0	0	0	0	0	0	0	0	0	0	0	0	0	0	0	0	0	0	0	0	0	0	0	0	0	0
sample220	51765093.15	28372191.92	1391660.999	8247698.374	1471816.28	5527.949	9673.91	169984.42	0	4145.961	3045899.117	179658.359	0	0	0	11055.9	0	0	0	0	0	62189.421	0	0	0	0	0	0	0	0	0	0	0	0	0	0	0	0	0	0	0	0	0	0	0	0	0	0	0	0	0	0	0	0	0	0	0	0	0	0	0	0	0	0	0	0	0	0	0	0	0	0	0	0	0
sample221	47203420	6298473	68554.81	5426113	131111.1	0	8569.351	0	20566.44	45417.56	7029439	4284.676	0	0	0	0	0	0	0	0	0	56557.72	0	856.9351	0	0	0	0	0	0	0	0	0	0	0	0	0	0	0	0	0	0	0	0	0	0	0	0	0	0	0	0	0	0	0	0	0	0	0	0	0	0	0	0	0	0	0	0	0	0	0	0	0	0	0
sample222	47295198.68	15431266.45	501270.978	5898101.5	1008174.35	2252.903	2252.903	0	0	4505.807	2870199.17	57449.043	0	0	0	31540.65	0	0	0	0	0	33793.551	0	0	0	0	0	0	0	0	0	0	0	0	0	0	0	0	0	0	0	0	0	0	0	0	0	0	0	0	0	0	0	0	0	0	0	0	0	0	0	0	0	0	0	0	0	0	0	0	0	0	0	0	0
sample223	27350555.09	15722793.75	122652.104	4962228	380912.548	0	5182.483	0	1727.494	1727.494	3917093.807	19866.18	0	0	0	5182.483	0	0	0	0	0	49233.589	0	0	0	0	0	0	0	0	0	0	0	0	0	0	0	0	0	0	0	0	0	0	0	0	0	0	0	0	0	0	0	0	0	0	0	0	0	0	0	0	0	0	0	0	0	0	0	0	0	0	0	0	0
