Bacteroidaceae	Akkermansiaceae	Lachnospiraceae	Sutterellaceae	Porphyromonadaceae	Ruminococcaceae	Erysipelotrichaceae	Rikenellaceae	Peptostreptococcaceae	Desulfovibrionaceae
0.38527534909109	0.588455321652547	0.936927166353726	0.781350550254337	0.323295911851145	0.19007755385494	0.473691298835568	0.0221034581551525	0.000581231786041052	0.162397697062053
0.382179905180185	0.583748227259393	0.926881710044765	0.77209012955731	0.321484041452959	0.189188060298272	0.470473309206518	0.0221031464103872	0.000581635993081797	0.162397712036782
0.37289358025412	0.569626954126872	0.896745356959224	0.744308880199614	0.316048435797195	0.186519583046967	0.460819348417356	0.0221022115273873	0.000582848623414612	0.162397759541375
0.357416377640338	0.54609150718473	0.846518114413231	0.698006807857965	0.30698909792829	0.182072123834372	0.444729420476366	0.0221006539108634	0.000584869688377316	0.16239784255254
0.335748297420594	0.513141886782883	0.776199982858705	0.63318391310007	0.294306028250222	0.175845682668801	0.422203525644997	0.0220984737772721	0.000587699194260268	0.162397962663878
0.30886702058489	0.472097497949339	0.689273935021353	0.553010659472935	0.27835091719731	0.167970925484409	0.393961280754491	0.0220957537534054	0.000591292585712789	0.162398106454031
0.282638669066473	0.430874824989494	0.606637880689221	0.476509883411402	0.26123394288173	0.159231868353599	0.364320432443333	0.0220929945120893	0.000595382668376537	0.16239822952666
0.258040931795628	0.390793285080943	0.531774809150208	0.406852061123185	0.243306803949813	0.149759181633485	0.334000607691817	0.0220902800671456	0.000599924926169514	0.162398328665115
0.235073804707243	0.351852871971505	0.464684710847302	0.344037184766039	0.22456949670003	0.139552863260756	0.303001801427614	0.0220876099999195	0.000604919347529283	0.162398400790662
0.194031390470577	0.27739544074882	0.353823456546269	0.238936288821314	0.18466438527295	0.116939336395685	0.238967256352235	0.0220824033930852	0.000616264690749613	0.162398466898867
0.157156138117263	0.209784354572093	0.264765383391823	0.156370609739068	0.145667945760464	0.0935083194350886	0.177892038503438	0.0220774347031833	0.000627328678710443	0.162398456448518
0.122092757985067	0.151301434226687	0.188221756196124	0.0915035618133143	0.111729512878521	0.0713768426196583	0.125451386506584	0.0220727634789943	0.000636021278969584	0.16239839463111
0.0888412523906786	0.101946682221438	0.124192577686058	0.0443351454761538	0.0828490888469011	0.0505449073258591	0.081645302395089	0.0220683903686853	0.000642342510449843	0.162398286216654
0.0574016188876915	0.0617200954571254	0.0726778440371417	0.0148653587941559	0.0590266713436628	0.0310125121206594	0.0464737835928634	0.0220643148908827	0.00064629235927845	0.162398127663293
0.0279000862472427	0.0298508744947295	0.0325775416518545	0.00102200801197126	0.0398533966044218	0.0128342729764119	0.019173427080948	0.0220605450040227	0.000648148462353538	0.162397929106898
-0.0440530439761758	-0.0456738580768181	-0.0621374378024649	-0.0275650837335965	-0.00571731233384241	-0.0314455154534552	-0.045273455605801	0.0220513706332756	0.000651981891498827	0.162397425197165
-0.0779133389736197	-0.0812149052205652	-0.106709187216539	-0.041017826889561	-0.0271623494580708	-0.0522830623702094	-0.0756013976934899	0.0220470539515409	0.000653785877271448	0.162397192988882
-0.100486871912767	-0.10490894168824	-0.136423694605606	-0.04998632934966	-0.0414590439064659	-0.0661747617520716	-0.0958200298460428	0.0220441757439467	0.000654988522797333	0.162397035095403
-0.113184482125393	-0.118236834014634	-0.153138100391216	-0.0550311082769347	-0.0495009325545958	-0.0739888415480651	-0.107193007795775	0.0220425570005876	0.000655665017815341	0.162396948107385
0.0315605039153572	1.32497918317667	-1.54342205078213	0.0722840545351886	0.0371840773724117	0.0121088084037683	0.00728122177735441	0.111682173838461	-0.348857265483522	0.222386656762994
0.0315605915105231	1.30705064567963	-1.47744972901337	0.0722841184546592	0.0371841216064039	0.0121091652064455	0.00728127156982369	0.111681382687084	-0.348857016614179	0.222386548188523
0.0315608547974901	1.25326505381875	-1.27953279175842	0.0722843113616791	0.0371842548992193	0.0121102358067535	0.00728142106291344	0.111679011007861	-0.348856275549146	0.222386225998762
0.0315612943548202	1.16362241619334	-0.949671244663533	0.0722846345809628	0.0371844779324253	0.0121120204271513	0.0072816703901218	0.111675060845933	-0.348855048682733	0.22238569426977
0.0315619104922754	1.03812273403686	-0.487865084733292	0.0722850888215672	0.0371847910708932	0.0121145191870037	0.0072820196229387	0.111669533295238	-0.348853339438302	0.222384955183572
0.0315626655851409	0.882903353873407	0.0705251929408478	0.0722855759897261	0.0371851649935531	0.0121176286392861	0.0072824444750514	0.111662408595851	-0.3488511998074	0.222384015682545
0.0315633409079776	0.734788432998637	0.513336712915092	0.0722855236029011	0.037185432047095	0.0121207308025728	0.00728280084912006	0.111653593012644	-0.348849019354321	0.222382966896783
0.0315639008195574	0.599915336265101	0.805209000406612	0.0722848381085609	0.0371855652469955	0.0121237229929685	0.00728306491653944	0.111643073795357	-0.348846871991578	0.222381829741942
0.0315643447215005	0.478284050773385	0.946142064187016	0.0722835181365482	0.0371855638883264	0.0121266049804611	0.00728323653923852	0.111630848828401	-0.3488447511056	0.222380600002227
0.0315648850592244	0.274746945930514	0.775190501358496	0.0722789760487356	0.0371851581583634	0.0121320385622887	0.00728330258029996	0.111601283638712	-0.348840594984729	0.222377866733893
0.0315651921930092	0.119857774815998	0.361423319605728	0.0722734809234394	0.037184519535855	0.0121372829344609	0.00728325068716006	0.111570117263311	-0.34883760870122	0.222374970254428
0.0315654957326902	0.00929719622444734	0.0657817520377784	0.0722686148288595	0.0371839519196018	0.0121425892285783	0.00728333242188316	0.1115425671823	-0.348836842648747	0.22237210906302
0.0315657966054342	-0.0569347932260285	-0.111734200910299	0.0722643798875597	0.0371834564017691	0.0121479578014887	0.00728354799840686	0.111518636671115	-0.34883830707346	0.22236928969115
0.0315660941228046	-0.0788381939771494	-0.171124542255915	0.0722607745234	0.037183032171388	0.0121533883883257	0.00728389725787951	0.111498323297147	-0.348841994367284	0.222366507288972
0.0315663854713103	-0.0622210431145364	-0.127854206810907	0.0722577560811989	0.0371826748361334	0.0121588079527091	0.0072843578026906	0.111481374633734	-0.348847559285634	0.222363791814219
0.0315671004311553	-0.00775987090370847	0.0147885733833741	0.0722505304669226	0.0371818183563165	0.0121721473434806	0.00728553079351736	0.111440828633007	-0.348861918798184	0.222357128326105
0.0315674378402728	0.0178689282031203	0.0819145881072729	0.0722471323695669	0.0371814164347812	0.0121784250726384	0.00728608301016339	0.111421751544074	-0.348868686797424	0.222353999311547
0.0315676621794952	0.0349547814426082	0.126665266330139	0.0722448655971505	0.0371811477800571	0.0121826099945089	0.00728645101608931	0.111409031363409	-0.348873192163325	0.222351909073499
0.0315677887254231	0.044565579754956	0.151837523586204	0.0722435913507806	0.0371809970801153	0.0121849641496035	0.00728665810136551	0.111401877517162	-0.348875730356425	0.222350735816433
-0.00752551163681186	0.297992787770053	0.140853899995499	0.286431306266211	0.081596714037773	0.0451708889241279	0.421371334032646	0.0647539569903047	-1.05513887752995	0.138049468009576
-0.00469852181008319	0.296907327436486	0.142496963794557	0.287381531089105	0.0815967230425924	0.0451710382893123	0.418353144002465	0.0647534406025582	-1.08135732612242	0.138049466474785
0.0037824485975929	0.293650951922501	0.147426158398115	0.290232211074194	0.0815967513535974	0.0451714871026176	0.409298580997253	0.0647518924687405	-1.16001269063798	0.138049464063963
0.0179174010012638	0.288223664402156	0.155641486412336	0.294983349882686	0.0815968004664061	0.0451722361923267	0.394207648522981	0.0647493137744648	-1.29110502111609	0.138049463307458
0.0377063353785857	0.280625465129608	0.167142948119215	0.301634947884433	0.0815968711816758	0.0451732860019459	0.373080346894024	0.064745705153532	-1.47463435045017	0.138049465559864
0.0622046621355321	0.271053099199565	0.181218400529707	0.309396455234255	0.0815969537607859	0.0451746448067829	0.346597543244069	0.0647411399797811	-1.70452504001704	0.138049455789585
0.0857448645323229	0.260687074718887	0.193595020161093	0.313524620710989	0.0815970079260978	0.0451763723124255	0.318844480140155	0.0647360728869792	-1.94432388851314	0.138049374520865
0.107382357703913	0.249724145327503	0.203560672046971	0.313228905375106	0.0815970290662029	0.0451784796338157	0.290502033653999	0.0647305813120253	-2.18795544509022	0.138049215396544
0.127117141016207	0.238164307492426	0.211115353900349	0.308509305427218	0.0815970156342245	0.0451809659143687	0.26157019926889	0.0647246640285649	-2.43541966656705	0.138048975799544
0.160878577384361	0.213253913690599	0.218991810623454	0.285798458878499	0.0815968865090565	0.0451870761581564	0.20193837748139	0.0647115534919117	-2.9418461011563	0.138048257649225
0.182388135199293	0.186319833479503	0.216879078626677	0.252731256258569	0.0815965920381445	0.0451931543615841	0.145828501232019	0.0646965708861832	-3.39064120623846	0.138047339744356
0.187004773015545	0.157726004260141	0.204431842340918	0.216646867660055	0.081596101997862	0.0451976508947877	0.0991200547030055	0.0646795444645187	-3.70884292594607	0.138046338864339
0.174728496262745	0.127472429658193	0.181650107251827	0.177545298321715	0.0815954187848542	0.0452005670854377	0.0618130393655381	0.0646604761260887	-3.89645137781586	0.138045259063878
0.145559301240468	0.0955591064785299	0.148533869236016	0.13542654383172	0.0815945406195435	0.0452019019477961	0.0339074531577496	0.064639364460424	-3.95346648193665	0.138044097332235
0.102157162031528	0.0625931840576132	0.106892213115283	0.0912050865090951	0.0815935053415917	0.0452018564671751	0.0144484063456651	0.0646167410893049	-3.89708836405092	0.138042879892845
-0.0097079642285982	-0.0189414136024005	0.00136899137607075	-0.0184107603452098	0.0815909006631726	0.0452012587181699	-0.0304902575071346	0.0645605086974236	-3.71839841251974	0.138039862046237
-0.0623503783364665	-0.0573106347163298	-0.0482889952888682	-0.069994687146673	0.0815896774069233	0.0452009787951979	-0.0516378612355081	0.0645340483546238	-3.63430910791945	0.138038446070099
-0.097445320289535	-0.0828901178435283	-0.0813943206613301	-0.10438397408381	0.0815888603512776	0.0452007913207401	-0.0657362675341388	0.0645164068968501	-3.57824952986036	0.138037499461121
-0.117186224519887	-0.0972785751590003	-0.100016064711614	-0.12372794570724	0.0815884016754651	0.0452006863747135	-0.0736666187409281	0.0645064843045473	-3.5467160455789	0.138036968546666
0.0200855900814289	0.136450392202967	0.15327264272907	0.0614367289941406	-0.00271054854081995	-0.0369398097423586	-0.00446937471170551	-0.0576817852005084	-0.731243706067848	-0.0109180016401631
0.0200855177443862	0.135886759643076	0.152869531514581	0.0614366710099825	-0.00271059076571591	-0.0369398149247219	-0.00446955047221699	-0.0576820948566084	-0.725679059835592	-0.0107050230587083
0.0200853010524831	0.134195864506827	0.15166020061312	0.0614364980337977	-0.00271071748348636	-0.0369398310587117	-0.00447007782475354	-0.057683024741385	-0.708985128796273	-0.0100660850165482
0.0200849403738637	0.131377708229818	0.149644652170646	0.0614362111915699	-0.00271092874380757	-0.0369398588213648	-0.0044709568514984	-0.0576845759125312	-0.681161923608307	-0.00900119017764534
0.0200844359055368	0.127432290886256	0.146822886832806	0.061435811085965	-0.00271122457325451	-0.036939898575172	-0.00447218759653577	-0.0576867489364554	-0.642209453567855	-0.00751034333753919
0.0200838509219934	0.122495859003898	0.143335932337721	0.0614353201048782	-0.00271158040037458	-0.0369399100680592	-0.0044737380110295	-0.0576894578969935	-0.593474408663309	-0.00571437625590202
0.020083569538436	0.117385908493193	0.140029980437756	0.0614348862429151	-0.0027118493995392	-0.0369396600057883	-0.00447541679963634	-0.0576922001359819	-0.543037054349657	-0.00433831219934305
0.0200836562912577	0.112238689649555	0.137046065366816	0.0614345357478305	-0.00271200716958826	-0.0369391104573649	-0.00447719219542818	-0.0576948933635535	-0.492244120629042	-0.0035029967514433
0.0200841107997284	0.10705420088459	0.134384184875367	0.0614342674550568	-0.00271205365914605	-0.0369382607225071	-0.00447906411346508	-0.0576975364858402	-0.441095594063026	-0.00320842670199781
0.0200861234417467	0.0965734168676762	0.130026530848695	0.061433978572067	-0.00271181284514825	-0.0369356613522679	-0.00448309759576727	-0.0577026734428357	-0.337731776536241	-0.00424152060359222
0.0200882229057185	0.085350477150483	0.125254980824471	0.061433406446573	-0.00271132724943995	-0.0369330420952861	-0.00448693562825142	-0.0577074138478862	-0.264129495637723	-0.018111160267563
0.0200890242118216	0.0727923012957027	0.118367495260146	0.0614319366430316	-0.0027107971070407	-0.0369315823770698	-0.00448999649851399	-0.0577115593315657	-0.251472633955609	-0.0554909079472859
0.0200885279501048	0.0588988909779933	0.109364077337695	0.0614295709657681	-0.00271022249755837	-0.0369312832823676	-0.00449228033852528	-0.0577151115891316	-0.29976119956524	-0.116380766991061
0.020086733682461	0.0436702447335702	0.0982447245797024	0.061426308075004	-0.00270960336187566	-0.0369321440056932	-0.00449378705035765	-0.0577180693618973	-0.408995185552175	-0.200780735335314
0.0200838406435975	0.0274704567364431	0.0854314927610923	0.0614223101710224	-0.00270895318960048	-0.0369339958305169	-0.0044946051277472	-0.0577204793179028	-0.569530473542058	-0.304467406814229
0.0200763311971004	-0.0127561117675005	0.0532886545417037	0.0614122081633873	-0.00270734148799321	-0.0369389035221222	-0.00449637705427438	-0.0577262197670019	-0.982823311255985	-0.566534732030393
0.0200727979488119	-0.0316862611971853	0.0381626151012346	0.0614074561402279	-0.00270658312231155	-0.0369412141445622	-0.00449721103819182	-0.0577289229053829	-1.17731409190437	-0.689860547793127
0.0200704420681947	-0.0443063618325702	0.0280785870177237	0.0614042869568726	-0.00270607749367955	-0.0369427538570663	-0.00449776694224661	-0.0577307239003974	-1.30697459330085	-0.772077751458273
0.0200691171112826	-0.0514051675739347	0.0224063225021956	0.0614025049823342	-0.00270579310806581	-0.0369436203609301	-0.00449807968870492	-0.0577317376092804	-1.37990863288241	-0.818324930512113
0.0353755114191681	0.0894323457676696	0.154063236133531	0.206346720907097	0.030674097448002	-0.0124911254003393	0.201113233654762	0.0124475959405531	-0.460656946658618	3.39235982247742
0.0353755692273791	0.0892947153959189	0.154045443447282	0.206591733655525	0.0306741175752581	-0.0124911166571001	0.204374530595438	0.012447525882411	-0.459699418077714	3.34819179031616
0.0353757432145902	0.088881825852176	0.15399206807394	0.207326775561491	0.0306741784444156	-0.0124910906258878	0.214158422244308	0.0124473159057374	-0.456826839920113	3.21568775711724
0.0353760340282458	0.088193678194211	0.153903112003453	0.20855184908983	0.030674280617697	-0.0124910475356169	0.230464908528728	0.0124469662385526	-0.45203921858864	2.99484774343124
0.0353764420141368	0.0872302726520466	0.153778575782831	0.210266954713141	0.030674424396087	-0.0124909875087954	0.253293990347136	0.0124464770029211	-0.44533655663724	2.68567174026479
0.0353767739179492	0.0859417693622696	0.153441184195386	0.212022808656167	0.0306745866769198	-0.0124909107490604	0.278642194117696	0.0124458366462318	-0.436757290921802	2.30568653211633
0.0353758780733702	0.0840291422193453	0.151827310915543	0.211123740267594	0.0306746356686597	-0.0124908212568266	0.282488697895027	0.0124449786206544	-0.426532120263519	1.96005299459332
0.0353735634445964	0.0814425545172411	0.148759686915199	0.20712047332405	0.0306745501960516	-0.0124907200204293	0.260830032081849	0.0124438921552587	-0.414699502059888	1.66629793707655
0.0353698293619464	0.0781820050765382	0.144238310019259	0.200013005088071	0.030674329677594	-0.0124906068031093	0.21366619457829	0.0124425770141578	-0.401259429280621	1.42442133238834
0.0353581034668602	0.0696390231308394	0.130834301172103	0.17648546995091	0.0306734840501409	-0.0124903446484787	0.0428230144408421	0.0124392609269327	-0.369556929978314	1.09630356490944
0.0353427018759413	0.0600553338648654	0.115059810419086	0.147946013479802	0.0306725006686412	-0.0124899498545213	-0.145014549351516	0.0124360400394055	-0.337057567898598	0.854272502443504
0.035325625336194	0.0510860735686755	0.100359361368106	0.121799510915576	0.0306717807721413	-0.0124893372209335	-0.264820211728976	0.0124339237710938	-0.309394281596339	0.576900971362421
0.0353068748846459	0.0427312434693266	0.0867329565355026	0.0980459651002888	0.0306713252615272	-0.0124885071145308	-0.316593982292257	0.0124329124871665	-0.286567079348717	0.264188975925585
0.0352864497510139	0.0349908424986531	0.0741805938044142	0.0766853734908038	0.0306711334678547	-0.0124874592629343	-0.300335856227228	0.0124330059164302	-0.268575954478918	-0.0838634932991959
0.0352648226645739	0.0278729004582549	0.0627046654360503	0.0576444230306573	0.0306711718316879	-0.0124862360573582	-0.225553274212731	0.0124340518121405	-0.25497300783157	-0.458274667428152
0.0352111523188862	0.0105669702152916	0.0348287463989544	0.0115801640202135	0.0306713470528918	-0.012483162689367	-0.0208489456429378	0.0124369618097213	-0.223025041806279	-1.38937177055332
0.035185896754526	0.0024230039212162	0.0217106687650207	-0.0100971325327509	0.0306714304402686	-0.0124817167772093	0.0754825097638454	0.0124383315977396	-0.20799071356067	-1.82753512766018
0.0351690590406469	-0.00300630789182058	0.0129652818549796	-0.0245486657399065	0.0306714854486022	-0.0124807525983445	0.139703474498522	0.0124392445531156	-0.197967821459137	-2.11964404423752
0.0351595882239839	-0.00606029511342281	0.00804600298487101	-0.0326776515600692	0.0306715167358812	-0.0124802103882347	0.175827768647546	0.0124397582304927	-0.192329948697159	-2.2839552983795
