Bacteroidaceae	Akkermansiaceae	Lachnospiraceae	Sutterellaceae	Porphyromonadaceae	Ruminococcaceae	Erysipelotrichaceae	Rikenellaceae	Peptostreptococcaceae	Desulfovibrionaceae
9996832.28717232	2060727.75675377	244464.314266428	309623.525547093	463724.844099806	822699.044588457	20628.2369721543	51322.7920373033	1293.29087043216	609.824475732814
12114341.7373855	2763512.03101479	389887.674387031	456911.170329493	544919.100792302	904589.256532194	26127.0239978943	51893.1408088121	1293.66686308075	661.407421493195
14635005.9322707	3688568.35098557	615603.18394325	668048.284357547	639170.635570223	993746.373139118	32985.2836597467	52469.8115057556	1294.04348810968	717.353602436958
17571034.0499679	4877146.32660408	952657.615253402	958827.401679715	747012.432615283	1089750.52016369	41376.6566498008	53052.8574939093	1294.42126922994	778.032104594384
20901080.6450139	6358299.0054168	1430489.85269227	1338467.3470298	868316.778484286	1191844.80871572	51404.1175299719	53642.3321751853	1294.80073076571	843.843237266853
24558295.2284712	8135547.9349144	2063992.15452659	1800955.08037805	1002060.0501712	1298888.45565952	63048.7166491059	54238.2893529677	1295.18239285361	915.221174115285
28470206.7214528	10195420.305611	2852786.19791708	2328937.46664345	1146814.27635711	1409648.14593142	76211.0471584422	54840.7916300777	1295.56666566952	992.63680455957
32588521.2253364	12519758.9492367	3790793.75519393	2903646.92308596	1301030.76706532	1522903.12223853	90750.5904844343	55449.9108838874	1295.95384927314	1076.60083538294
36861618.3733081	15073256.8808993	4861594.34976768	3502246.77255327	1462518.10670035	1637182.93372714	106420.036688665	56065.7201806457	1296.34423928761	1167.66716971289
45658049.3479632	20638657.3873307	7301132.95606253	4676782.88492549	1795074.77563662	1861658.36727125	139575.368569965	57317.7053048907	1297.13582292647	1373.56057536656
54414066.5647678	26311210.6611881	9937158.24285547	5690448.24574352	2116558.34041501	2068002.61165841	171797.221162181	58597.3493863272	1297.94288497814	1615.75896498684
62558127.2001247	31493378.7449446	12450139.0447851	6431779.34391191	2406247.72910773	2245475.95729775	199790.037391927	59905.2733742831	1298.76327868057	1900.66385678365
69505937.4736353	35717497.841346	14539892.6642418	6873652.98267111	2650998.54078578	2386362.13536898	221427.628196718	61242.1139789273	1299.59394684064	2235.80550673855
74767450.1198849	38733831.3729885	16027218.4916287	7069721.32095388	2844686.18515226	2485417.1254315	235906.560943317	62608.5229185413	1300.43182468532	2630.04190805644
78010265.2975026	40528083.5132911	16881864.3484461	7120518.8361598	2988009.90049336	2540186.2276622	243664.998922684	64005.1673784176	1301.27389986716	3093.7928920598
75660951.7808823	39314630.9653732	16015274.0216791	6825349.82451442	3132372.69615707	2460620.35712565	232981.208686293	68383.4533259553	1303.81455559177	5035.89266614362
66847552.9180439	34561262.5437512	13493661.5831593	6368177.4357339	3027447.0778441	2260367.19993501	206107.538478226	71466.5186590098	1305.51827745403	6968.39835198523
55820063.6230427	28635154.1152	10555119.2032302	5809890.82853272	2823301.46395109	2005536.91724458	173346.373669338	74688.0464525803	1307.22815592914	9642.49233423051
40256744.1309281	20353492.5893854	6779552.41992041	4950622.05438879	2453329.35922838	1618920.18136508	127114.176680543	79794.0824351004	1309.80111164616	15695.4448858288
43475792.3005338	316126.205540664	11034545.1725589	2818580.44759597	1949713.9360206	2017870.02249282	184582.624302941	24047.678048149	100042.387268612	765.725235318047
44167293.5720586	611333.733357741	5156794.58880477	2922312.948727	1986302.17821966	2030124.20193593	185255.844065576	25428.7239589121	84029.2858509491	855.782892798937
44869797.4158573	1161207.8493704	2574285.06335202	3029863.32360554	2023577.12401194	2042453.52793335	185931.528504408	26889.0613923798	70579.309472272	956.43221362378
45583482.9664776	2127987.36258502	1466345.32467168	3141372.29949036	2061551.75545053	2054859.19913933	186609.695982748	28433.219119824	59282.2052123046	1068.91875578557
46308532.401947	3695467.14536317	1018052.34177298	3256985.80607578	2100239.30348489	2067342.43493588	187290.365033093	30065.9819180357	49793.3808848576	1194.63452425113
47045130.855386	5976497.25212386	917550.238542691	3376855.14179316	2139653.2478445	2079904.45787573	187973.553982261	31792.4047701388	41823.3968967589	1335.1351863288
47793463.2643091	8950468.37818777	1068447.4831499	3501136.55667285	2179807.20982969	2092546.09829844	188659.272638611	33617.8269058026	35129.1357292548	1492.15935029921
48553714.1612562	12488772.8552424	1495008.94921229	3629991.3419843	2220714.94640048	2105267.78207358	189347.522134968	35547.8873426564	29506.3912438965	1667.6500874594
49326070.7501735	16343465.9031779	2330910.78563267	3763586.57308698	2262390.45968806	2118069.91807242	190038.303137843	37588.5423148238	24783.6456994171	1863.77893703996
50907864.1252576	23710778.8248942	5796408.20584836	4045696.95846988	2348102.10165071	2143917.18584059	191427.46186573	42027.1531356723	17484.9642406766	2327.94377159956
52540402.8547742	28775895.2562565	10132028.8367026	4348930.76028982	2437059.56990767	2170091.36854216	192826.76846235	46988.4257692251	12335.7606039578	2907.69825612632
54225311.2144317	30582302.9678817	12421891.087032	4674868.37918465	2529385.65240249	2196596.68870655	194236.306689591	52533.8304720382	8702.97890342574	3631.82518472285
55964269.5055899	29752366.083993	12020821.9375162	5025211.05195284	2625208.0407591	2223437.61023706	195656.177546646	58732.1720816408	6140.01987113168	4536.27424829667
57759011.9484939	27697111.1955908	10333252.9251885	5401787.83089652	2724659.27895412	2250618.66197645	197086.483345277	65660.3887101668	4331.82101560889	5665.94628647115
59611328.3815598	25765605.0447691	8856830.15718804	5806565.18779246	2827876.94619653	2278144.41095019	198527.326984496	73404.5163799046	3056.11133331353	7076.9219467168
65532481.6075924	23309814.5670973	7569875.30808015	7212033.86283875	3161583.15218032	2362827.19737372	202913.888541511	102551.508576721	1073.12806459188	13789.6713361677
69803243.6129596	23580199.9705747	8369624.13140908	8333207.81830978	3405651.00379762	2421070.47675616	205892.325233645	128153.237331838	534.110159328457	21512.4279030132
74352373.5434567	24894699.3101428	10349291.3808823	9628623.53992608	3668557.93813185	2480775.39735337	208914.672603127	160141.281286259	265.830760101449	33560.0555479665
81737985.5704183	28183616.651644	15914941.0649666	11958858.7796365	4101455.01200082	2573131.67831127	213531.779185571	223691.800077861	93.3387397489788	65391.3444145254
20583225.8688123	3221937.62903571	1511733.51903929	611220.841311374	841359.192736245	867225.827195711	26622.234741604	25951.944891203	56765.215585675	782.158420674848
20515585.6719278	3738926.01894283	1622483.19420393	705447.504313891	876395.110730523	887035.391450509	32849.2657698921	26805.9384408736	33347.5587334949	838.053580639411
20506056.3126938	4334162.66521754	1744209.89428475	814974.325337554	912890.005046253	907297.590683703	40410.6693062297	27688.0198441366	19083.5542976625	897.943160135475
20612746.602728	5013265.73030641	1881240.99050268	943297.123511213	950904.640590703	928022.909464597	49413.4135776183	28599.097692296	10362.9025029379	962.112611150818
20896464.9140993	5779922.55076153	2039063.93444432	1094942.03584464	990502.313867076	949222.081598801	59877.1781610113	29540.1089732476	5201.68384157928	1030.86778483466
21423310.3510457	6635059.17982487	2224568.46978955	1275721.43268923	1031748.95791662	970906.097067969	71690.1201480832	30512.020100904	2352.23241308159	1104.53638835957
22232301.58483	7578592.54075887	2443341.97036143	1490969.29976346	1074713.2388495	993086.226509061	84668.023900186	31515.8321830137	944.889126564255	1183.46952495872
23333902.3989459	8610265.70429569	2698662.12691309	1744205.50659103	1119466.66745299	1015774.02983363	98602.7543383895	32552.5826578223	336.35174218779	1268.04335938983
24744704.2077531	9727453.66194778	2993746.47451361	2037896.27059133	1166083.72961323	1038981.34623058	113198.375235991	33623.3423585141	105.897685276281	1358.66092604719
28595334.8853475	12192978.3654539	3715015.46992935	2747102.02288721	1265222.32391206	1087003.30966056	142749.674089868	35871.3450661615	7.20747081214991	1559.78539492856
33997421.608547	14891423.2818509	4623627.1513846	3596865.7328985	1372789.2404133	1137252.0837566	169727.219078113	38269.1091592204	0.30058993231308	1790.68109836622
40951518.2105626	17689065.1533084	5712725.12323147	4549436.28570298	1489500.71818537	1189829.99333973	191690.747250143	40826.494651651	0.00854308471564123	2055.75442130522
49139503.5380633	20403045.7553391	6935119.94555301	5541974.52229868	1616133.79784	1244843.32069484	207590.310863197	43553.9948921273	0.000188547032525939	2360.06391670206
57755287.7619695	22813176.2193385	8187032.89203158	6482383.09608257	1753531.48978005	1302403.02860631	217596.68337339	46462.7781017698	3.68218291625981e-06	2709.41674278935
65404706.9856176	24688816.0745183	9304729.06524024	7259788.00283931	1902608.37952828	1362624.9994601	222818.168011872	49564.7337405447	7.23007266414938e-08	3110.47944164466
74395657.857108	26170525.176863	10843910.888918	8019452.38813786	2430269.50200449	1560517.67211886	216659.739288886	60161.9734377796	8.03422916607933e-13	4706.2938310438
69021265.9129277	24197519.2018332	10318361.0676807	7319916.49949908	2861032.76664153	1708165.22893734	199342.632797614	68452.054698835	5.17288453222605e-16	6202.66447821751
58656264.6525899	20987305.2433067	9038406.1332521	6130979.27765826	3368141.58489437	1869781.50521457	177057.780431806	77881.0413585684	2.22044604925031e-16	8174.78826582159
42092796.2226413	15902406.9641765	6821343.17564664	4312486.39320147	4302201.16917583	2141322.74387913	143080.38713068	94510.5929138334	2.22044604925031e-16	12368.664809012
46285807.1725021	10472556.4335687	2613338.97814304	2546320.05746804	2508807.11911309	2466494.09580291	107114.145625473	125750.488709402	18073.5413310694	4455.22949603192
46752987.4571572	11210932.4996267	2821300.1967372	2625752.59212668	2505409.28278495	2421356.31123179	106875.043125664	122175.526357728	12550.4265703229	4431.13194839143
47224879.7644945	11994605.9278285	3044582.76078842	2707662.87200162	2502015.94264139	2377044.55210562	106636.455607987	118702.15982881	8763.75867527438	4408.10347146304
47701528.1457183	12818602.0969929	3282888.49692473	2792128.02069514	2498626.9873022	2333543.68930823	106398.363300842	115327.467164355	6188.07712451256	4387.06297526627
48182976.9914506	13676060.1931376	3535568.65995481	2879227.55225111	2495242.30596654	2290838.87129359	106160.746601819	112048.612437245	4442.94669744182	4368.91347076926
48669271.2926713	14558181.9770123	3801607.27344044	2969043.4508704	2491861.79349271	2248915.52626911	105923.586358279	108862.84389601	3261.40339373347	4354.50332259774
49160462.4245077	15457976.7518186	4080632.51318333	3061660.3860812	2488485.46200727	2207759.51393734	105686.870041168	105767.507571514	2454.72541440592	4343.67131239761
49656608.4521338	16371350.1717393	4373255.06310019	3157165.81353758	2485113.44011255	2167357.10554265	105450.591672043	102760.042414699	1894.92601363942	4335.26231039253
50157768.5594244	17293965.7700349	4680251.00438797	3255649.93319602	2481745.86075412	2127694.81312408	105214.74560034	99837.9603798045	1500.54750970936	4328.09197884841
51175372.142514	19147724.2837753	5341196.83666868	3461929.26017751	2475024.55771679	2050537.76955136	104744.327974749	94240.342488112	1016.43136313359	4312.77724301401
52213740.3258575	20973444.462626	6069442.99981937	3681277.32197022	2468322.43686611	1976184.23326631	104275.593085345	88956.1241571554	756.120877942341	4273.20830648357
53273254.6750452	22701698.529776	6856892.86724817	3914519.29574661	2461639.71485076	1904530.67771477	103808.597716923	83967.8279607724	587.26664904603	4126.88567139389
54354276.844861	24249514.8973328	7685200.90659619	4162531.26133872	2454976.44164011	1835476.7893339	103343.417601734	79258.9499683425	448.066134185823	3794.47623732578
55457171.6291507	25528422.8062429	8527338.09641142	4426244.04944311	2448332.66621065	1768926.13890844	102880.127034146	74813.9002143918	315.968156279525	3244.38176992674
56582308.7302474	26452553.8825997	9347893.29570529	4706646.74355974	2441708.43107475	1704786.07121697	102418.797375188	70617.9520576201	194.07461318502	2521.49535372235
60095560.237774	26947076.97427	11477574.5699077	5658883.42590151	2421951.62336677	1525969.35136396	101046.785679701	59389.2856563788	18.2332161896425	667.127116531327
62557422.7477513	25748613.6846589	12566141.6802829	6398387.45198113	2408874.89185487	1417294.25909604	100142.082217143	52913.5019441854	2.07986412848221	188.619904899191
65119753.8808844	23839324.2563187	13415448.2077134	7234472.69479499	2395871.79348259	1316353.62328772	99245.3409199573	47143.6228057088	0.17156533680116	43.4210435598743
69160965.2511611	20577943.7563087	14429837.6699394	8697770.83793552	2376501.63902883	1178256.16081081	97915.1267248137	39646.5745309494	0.00293930274397194	3.90483931488776
50580625.944384	17097357.339265	3671582.31218364	1691431.01070562	2605329.59356176	1987057.25628538	90110.1480137843	103676.475068735	45268.8499421643	0.0391979647957062
51483243.2880635	17878826.6441868	3965577.00484951	1875338.39008588	2645595.66096333	1974685.64264715	99696.7376481555	104323.747440589	35961.5485929619	0.212181787585768
52401970.995821	18693441.6382866	4283036.54014773	2079751.31791672	2686484.1061904	1962391.07278456	110663.539007961	104975.053519278	28595.2011942262	1.09893187336461
53337099.7714735	19539793.7823239	4625745.32183206	2307575.87165065	2728004.60576505	1950173.08359396	123640.538843284	105630.411010229	22781.3587254348	5.21038238236189
54288925.6755508	20416033.5306407	4995609.43518828	2562239.93587207	2770166.98838963	1938031.21454346	139497.464377896	106289.837590223	18201.7703692569	21.6382764525806
55257749.3429802	21319738.5251946	5394583.42881323	2847691.7486928	2812981.23222845	1925965.00755425	159401.462296928	106953.350806607	14598.5471732297	75.4192782254033
56243856.2146762	22245820.4067496	5822752.44257514	3165859.97330603	2856457.35190962	1913974.00466445	183602.184835893	107620.965883237	11763.8666457442	218.620252128365
57247514.7939756	23186034.8094825	6277553.91582426	3515265.75115387	2900605.39172875	1902057.74809277	210537.498305048	108292.69564707	9532.03090707327	540.104347364238
58268995.3122398	24130687.501467	6755050.67372973	3892407.41373851	2945435.53711943	1890215.78259929	237306.024422553	108968.552669868	7772.571729479	1167.10380667967
60366515.8853581	25987600.9623307	7754795.01052084	4703523.03722259	3037183.6293181	1866752.9170465	272080.202921552	110332.697971721	5283.86107049093	4045.45869419444
62538672.1950986	27727245.284228	8768527.72249078	5530776.048753	3131786.53144559	1843581.87077059	257065.728232648	111713.536673209	3712.67577987488	10759.9189840972
64787936.6796519	29310183.5039038	9764848.00339277	6328109.22201756	3229333.39703624	1820699.35180331	208251.212611072	113111.355043849	2688.3562075347	22073.1030697604
67116895.8613246	30716269.7052101	10721441.9306953	7061975.41931756	3329916.63286559	1798102.14742455	154836.33911306	114526.484563263	1996.41336967585	33711.8643966284
69528213.1989895	31931797.9161515	11618665.8224877	7705166.47250057	3433631.59813377	1775787.07064586	113095.708264671	115959.265467676	1513.13512964128	37001.4695051481
72024636.4924054	32949639.0592748	12440599.2512986	8239016.65762762	3540576.68123335	1753750.94789266	86729.1191073265	117410.043993188	1164.93229033033	28214.6031512628
80055285.2580245	34852090.5517115	14365158.681527	9103449.34729648	3881817.27101712	1689281.11994638	61022.8568136247	121872.965380311	570.344234388928	1626.14869239952
85893925.2300511	35291800.4889472	15189681.8589748	9105987.18199877	4127393.9159339	1647630.61760503	64795.3474329229	124942.621544525	370.947144393094	63.6068050157996
92154513.1287862	35255266.1180251	15714180.7938395	8785319.03710248	4388507.15811251	1607010.91346501	80783.4022362877	128089.886542591	247.382642475728	1.19865362257592
102406981.774481	34725976.7429436	16177490.9034237	8029948.128794	4811474.71588011	1547955.00071279	132043.383588255	132960.357008511	138.145654344105	0.0014939142750964
