Row.names...1	sampleID	Subject	Vendor	subjectID	Time	Group	Muribaculaceae	Faecalibaculum	Bacteroides-acidifaciens	Akkermansia-muciniphila	Parasutterella	Bacteroides	Lachnospiraceae-NK4A136-group	Alloprevotella	Parabacteroides-goldsteinii	Lachnospiraceae	Lachnospiraceae-bacterium-28-4	Clostridia-UCG-014	Oscillospiraceae	Rikenellaceae-RC9-gut-group	Mucispirillum-schaedleri
sample131	1	BC1	Beijing	1	0	Control	21789059.61	21752663.14	1682227.255	3771029.751	2213083.138	382606.8321	2719970.611	9717858.447	103863.1075	3380433.449	101199.9509	170442.0226	624954.083	6779508.994	2008020.079
sample146	2	BC1	Beijing	1	1	Control	13576741.42	276996.7359	1096282.856	163857.2241	54619.07468	8456853.397	1336866.876	19089366.6	98834.51609	4486566.849	101435.4244	628119.3589	1920770.793	7563441.39	115740.4202
sample161	3	BC1	Beijing	1	3	Control	17146599.76	19843727.08	1331625.956	85495.06442	3239940.319	481514.6553	1434865.279	3028622.329	28229.5024	2675350.271	8540634.313	334721.2428	1460675.11	3329468.169	602498.237
sample176	4	BC1	Beijing	1	5	Control	24832684.02	3560427.557	3068244.166	50798.74447	372524.1261	764238.8891	9454210.777	1358019.769	57571.9104	8592889.843	15317514.75	181746.6191	6612867.669	5700747.991	11311187.1
sample191	5	BC1	Beijing	1	8	Control	16017628.32	15468703.82	1317190.318	5712.013521	772835.4294	375850.4897	1912382.127	1033303.246	23990.45679	1431430.588	2482441.076	758555.3956	1173247.577	3247850.888	376421.6911
sample206	6	BC1	Beijing	1	13	Control	17461852.46	6765936.201	4806828.019	0	567372.2079	1266859.794	1503038.656	3372561.752	44340.0928	2187142.945	2613350.776	1147413.014	1236998.099	10069725.56	270565.0561
sample221	7	BC1	Beijing	1	19	Control	17404018.41	965661.9202	7071850.314	0	132623.0963	1668840.629	9768519.939	2137165.938	91178.37873	10069684.89	844090.7486	342609.6655	7816473.74	10352890.46	11984430.84
sample236	8	BC1	Beijing	1	25	Control	25854649.48	1019943.651	7115490.057	12767.02761	123414.6003	1398698.803	4681243.459	2147697.756	104973.3382	4743660.038	190086.8556	258177.6695	4566340.21	17754679.74	3892524.864
sample251	9	BC1	Beijing	1	31	Control	10525148.85	331359.717	1314244.283	5373.400816	34927.1053	230608.4517	1346036.904	60002.97578	17463.55265	1540374.901	633165.7295	544504.616	1935319.861	5560574.278	269117.8242
sample132	10	BC2	Beijing	2	0	Control	25398220.91	17329629.76	4455748.382	2610640.727	3591906.663	2645230.806	3721164.328	284913.0222	59167.24102	4563159.681	7898371.544	71910.95447	3932345.865	3418046.001	13452810.08
sample147	11	BC2	Beijing	2	1	Control	9753106.92	359189.1143	408577.6175	101021.9384	56123.29911	1667984.45	4148634.27	5128547.073	76327.68679	6876226.607	225615.6624	158267.7035	2415546.794	4332718.692	2505344.072
sample162	12	BC2	Beijing	2	3	Control	12930458.11	14364035.23	1188403.226	805853.0723	2270980.722	1582127.525	280668.2397	799937.3483	14460.65872	332595.1506	779560.9655	149207.7059	259634.5543	3665119.683	170241.3913
sample177	13	BC2	Beijing	2	5	Control	27036702.64	5771319.11	2944838.65	28232.22895	856739.5631	3905820.29	5235992.615	629795.8766	31489.79383	4437889.22	7472853.832	211741.7171	2865571.238	5113291.005	915375.7309
sample192	14	BC2	Beijing	2	8	Control	22878996.13	12267864.85	828366.7877	12363.6834	707820.8746	695457.1912	2801919.75	310637.5454	35545.58977	4053742.694	7231209.328	168455.1863	3800287.185	4416925.894	11544589.37
sample207	15	BC2	Beijing	2	13	Control	15462209.4	5799517.926	1618536.504	8563.685206	485275.495	768828.6274	785955.9978	460535.96	27594.09678	1110424.515	2048623.806	137970.4839	997193.5663	6998433.855	236928.624
sample222	16	BC2	Beijing	2	19	Control	16270002.29	1906657.593	3486276.383	12825.05107	123262.9909	622014.977	1609543.91	41325.16457	48450.19294	2771636.037	1239754.937	109725.437	1628781.486	9485550.274	507302.0202
sample237	17	BC2	Beijing	2	25	Control	16146903.26	886715.5019	2405138.289	24028.12986	61232.97609	472036.4866	4941268.64	446458.1548	34104.44238	5244333.117	8381166.715	169747.1109	6243438.258	8452476.003	4473882.759
sample252	18	BC2	Beijing	2	31	Control	15466514.05	1418734.067	710563.2681	20734.73061	72571.55713	232069.4849	2789618.756	496836.0449	35089.54411	4650162.084	99686.20485	74166.5364	9869731.769	4123021.432	8703801.917
sample133	19	BC3	Beijing	3	0	Control	13798945.04	12501661.91	1339239.869	3729327.298	4753168.22	780298.9226	735448.6137	1040237.81	46297.09306	750880.978	208336.9188	55460.05939	529040.7404	5057957.416	4054853.734
sample148	20	BC3	Beijing	3	1	Control	13763500.21	2891524.227	542887.8746	1525256.41	45240.65622	7133805.19	946176.01	3199160.69	68507.27942	4798094.739	107284.9847	797528.1396	2056510.973	6223821.705	95651.67315
sample163	21	BC3	Beijing	3	3	Control	16931940.2	23755518.72	6233641.394	1697827.467	7528524.428	1649838.192	1505870.366	8429564.444	64537.30139	266423.2186	43024.8676	32268.6507	394670.4201	6495100.204	119145.7872
sample178	22	BC3	Beijing	3	5	Control	17132357.58	9721169.189	3352127.307	48124.59995	584133.0752	1049614.12	1079484.561	1006467.926	35678.58272	2695807.331	80484.24474	32359.64479	1207263.671	6787228.061	2533179.373
sample193	23	BC3	Beijing	3	8	Control	18635862.68	19180791.54	1043199.834	7923.036712	420801.2831	471860.8531	2481671.166	83632.05418	38734.84615	3187701.77	149657.3601	278186.6223	2763379.138	7062947.06	1256241.488
sample208	24	BC3	Beijing	3	13	Control	17687189.66	9283073.089	3164911.874	6684.079987	701828.3987	760314.0986	1383604.557	798190.5518	33420.39994	1449888.351	218346.6129	758086.0719	1172499.031	6455707.254	316936.7927
sample223	25	BC3	Beijing	3	19	Control	17418634.17	1923761.726	2195795.691	23428.76256	152937.7556	594830.2495	2727498.442	680084.9132	38397.13864	4484655.634	6856817.843	232986.0277	4328463.883	5100962.249	3578743.481
sample238	26	BC3	Beijing	3	25	Control	17126545.57	4347442.823	2255135.778	13498.75513	122332.4683	889230.4939	1831612.336	3081090.857	40496.26538	1979254.97	3270073.429	40496.26538	942381.8422	5666946.136	95334.95808
sample253	27	BC3	Beijing	3	31	Control	11359374.92	2661049.792	1594841.936	16091.45451	59597.97966	277130.6054	942244.0584	99528.62603	98336.66643	1840385.612	2025735.329	240775.8378	2458416.661	5729153.784	101316.5654
sample134	28	BC4	Beijing	4	0	Control	38677464.08	24842955.39	10245743.47	22628796	4982221.136	4157167.636	4120917.482	3694615.674	184150.7812	8172234.67	156600.6644	69600.29527	5088071.585	23121798.09	5086621.579
sample149	29	BC4	Beijing	4	1	Control	32739454.86	10693670.53	1237597.588	468839.1978	2554484.159	2595852.323	8363263.926	1010072.684	93078.37015	6855049.594	168920.0051	418852.6657	7287691.648	17529759.71	3643845.824
sample164	30	BC4	Beijing	4	3	Control	18908986.9	17056535.32	1011109.017	22469.08926	2075894.191	2328047.304	1557856.855	132317.9701	41193.33031	3506426.208	77393.52968	720259.1391	3204341.785	11675188.44	7103977.055
sample179	31	BC4	Beijing	4	5	Control	18493998.83	11255488.99	3186760.877	124887.5338	1253842.456	1244617.809	1774680.239	106438.2391	24126.00085	1556836.643	1142437.099	799705.9695	1370924.519	4757079.698	1124697.393
sample194	32	BC4	Beijing	4	8	Control	22773246	20400187.24	1130593.702	22770.27596	1335526.186	410854.9793	1396906.93	1169204.17	36630.44394	1485017.998	1100893.342	1312755.91	1427597.302	6311326.49	282153.4196
sample209	33	BC4	Beijing	4	13	Control	13844775.26	5553918.494	976635.8742	6204.80225	472805.9315	438679.5191	980358.7555	617377.8239	25439.68923	1277568.783	909003.5296	941888.9816	1049232.06	3954320.474	63288.98295
sample224	34	BC4	Beijing	4	19	Control	16242038.03	1672384.149	2212994.447	16507.18469	163008.4488	381728.6459	985272.586	132057.4775	45394.75789	2611230.278	5919889.108	469423.0645	1407237.495	10017797.71	154754.8564
sample239	35	BC4	Beijing	4	25	Control	16068665.16	3718515.061	1639017.611	47194.26835	117002.457	521103.3797	3870913.219	863261.8253	34412.48734	5790146.799	5638731.854	137649.9494	5573839.735	7396718.351	1233933.475
sample254	36	BC4	Beijing	4	31	Control	8735008.249	2285554.57	1379924.168	10592.16845	52960.84225	156528.7115	1154546.361	390144.8713	102390.9617	1882463.715	511366.3546	420156.0152	1881286.808	5247242.56	154174.8963
sample135	37	BC5	Beijing	5	0	Control	19941924.42	19352536.4	4775776.462	4727623.846	3164589.928	1040096.507	1094990.489	1814390.574	72228.9241	1251004.965	60672.29625	533530.9861	544124.5616	10645580.36	761774.3862
sample150	38	BC5	Beijing	5	1	Control	30309912.07	14330850	3003183.948	654734.5476	2800949.339	4398602.752	4648868.081	3662974.361	70782.11325	3875320.701	242681.5312	184539.081	1362555.68	6079677.942	1615348.942
sample165	39	BC5	Beijing	5	3	Control	9686753.02	14862019.01	1069465.521	13417.64861	1355182.509	486981.717	473564.0684	1346500.501	12628.37516	801901.8225	370958.5203	35517.30513	536705.9442	2044218.229	1284937.172
sample180	40	BC5	Beijing	5	5	Control	19546982.4	956818.5817	2902922.643	15278.54023	240637.0086	1316819.186	2298465.395	140371.5883	25782.53663	2018677.127	6332954.924	338992.6113	1627164.534	7165635.366	457401.298
sample195	41	BC5	Beijing	5	8	Control	24844761.94	21677514.89	1342537.321	22084.23284	494134.7098	268691.4996	3861980.218	52450.05299	23924.58558	6071323.678	10381429.79	123303.6334	5674727.663	2016106.423	3158045.296
sample210	42	BC5	Beijing	5	13	Control	12658855.16	7269026.593	1143329.123	10080.39598	237154.579	582010.2309	2089294.703	19630.2448	19099.69764	1777332.975	2580581.37	26527.35783	2271802.925	3708524.625	829245.2059
sample225	43	BC5	Beijing	5	19	Control	18184758.7	1165044.771	1838434.158	14603.62526	120074.2522	308298.7556	4978213.59	35697.75065	48678.75088	6177333.487	7137927.504	189847.1284	6073485.485	4650443.334	10220915.06
sample240	44	BC5	Beijing	5	25	Control	12498447.33	2795718.774	3987604.73	13799.70875	69509.6441	451301.5863	1320172.138	43954.62789	22488.41427	1971313.951	92509.15869	87398.15545	1990224.663	7812168.456	273438.6735
sample255	45	BC5	Beijing	5	31	Control	13019424.51	1920610.106	1467597.273	24058.97169	49878.35594	171933.6269	849692.4635	348561.6874	110905.9914	1690582.864	161957.9558	184843.3191	3128839.928	5461386.573	596193.0545
sample401	46	GC1	Guangdong	6	0	Control	32452915.72	1256859.211	1302268.318	3246751.15	147579.5977	3061871.214	8103903.845	29485106.22	312998.4875	6598916.299	228667.2888	1052518.23	4190611.874	1980161.416	1131984.167
sample416	47	GC1	Guangdong	6	1	Control	19787252.74	1725230.344	984683.3567	3112738.71	103757.957	730374.6386	4184904.266	12228180.4	140378.4124	3463684.741	81378.78981	345859.8567	1742523.337	1186095.862	343825.387
sample431	48	GC1	Guangdong	6	3	Control	10670881.5	2167102.616	439454.8284	2216295.321	38042.35828	697880.5036	1237032.547	10310135	17709.37368	2226133.862	68213.88381	190211.7914	914984.3069	2057566.861	30827.42826
sample446	49	GC1	Guangdong	6	5	Control	20729019.15	463417.453	1179608.062	145830.667	55091.58532	2142090.465	3449705.446	12332413.41	42128.85937	8067676.569	437492.0011	568739.6014	4455937.048	3284430.69	734014.3574
sample461	50	GC1	Guangdong	6	8	Control	14880928.21	302774.7278	596556.1469	35973.23499	164877.327	1402956.165	15846210.01	4157906.411	68948.7004	20249933.53	1028234.967	1001255.041	24761576.75	3789180.752	3417457.324
sample476	51	GC1	Guangdong	6	13	Control	28765896.5	222247.4884	1381470.183	103547.1253	78291.72885	2535641.799	2326022.009	9650086.966	95970.50633	7089189.771	0	745034.1939	5480421.02	11738708.25	691997.8615
sample491	52	GC1	Guangdong	6	19	Control	11473630.88	95345.86226	1841626.057	34200.14625	27981.93784	1353496.697	1370078.586	6485591.37	33163.77818	4376582.351	25909.2017	611457.1601	3337105.179	6250335.818	641511.8341
sample506	53	GC1	Guangdong	6	25	Control	16518469.13	1428098.509	408584.0421	1361946.807	93390.63819	608984.7865	3105238.72	2282233.721	356051.8081	6823353.503	939743.2968	116738.2977	5231821.377	2218027.657	5387472.44
sample521	54	GC1	Guangdong	6	31	Control	49449491.43	4129345.916	2862310.761	56732.9174	2909588.192	590292.4977	5944799.273	74293.10612	537611.9315	8917874.301	468721.9604	168847.9684	2272018.263	5100559.431	960407.2445
sample402	55	GC2	Guangdong	7	0	Control	40685475.58	329917.9012	1075532.358	616946.4753	62684.40124	1332868.321	5446944.55	21744888.87	273831.858	8878090.723	326618.7222	389303.1235	3850141.908	3599404.303	600450.5803
sample417	56	GC2	Guangdong	7	1	Control	27413911.94	1248915.597	1128745.024	525746.2564	30042.64323	2178091.634	4042881.417	8594341.866	257508.3705	4871200.009	160942.7316	450639.6484	2547186.965	4268201.241	77252.51115
sample432	57	GC2	Guangdong	7	3	Control	13434800.97	832564.2393	825121.1362	971856.596	45721.91863	2929392.694	1591760.749	4821004.165	18076.10737	4705104.417	135039.155	456155.8859	1680014.685	2686960.195	142482.2581
sample447	58	GC2	Guangdong	7	5	Control	21550958.42	271639.323	648312.5175	133103.2682	46178.6849	1505787.314	1803685.104	7201158.452	34407.64757	3387342.357	113183.0512	520642.0357	2329759.927	3438953.829	91451.9054
sample462	59	GC2	Guangdong	7	8	Control	25201224.54	2430568.221	841146.4259	37148.4226	42455.34011	1975500.045	1941005.081	4049178.063	38475.15198	4132762.014	172474.8192	1069343.879	1872015.153	6254202.29	248098.3938
sample477	60	GC2	Guangdong	7	13	Control	39369760.16	380007.8768	443735.9059	33044.1632	40125.05532	632559.6956	2829996.548	1045611.736	37764.75794	7043127.357	0	682125.9404	4031387.911	2893724.578	1503509.426
sample492	61	GC2	Guangdong	7	19	Control	14241352.89	192625.9203	1503963.916	55565.1693	114834.6832	1029807.804	4941595.723	17767888.97	72234.7201	16728820.31	75939.06472	1713259.387	7942114.866	5004569.582	6301090.199
sample507	62	GC2	Guangdong	7	25	Control	16574122.55	3414371.206	292468.732	580912.6649	36223.19158	673483.0434	2920662.521	14003617.54	296493.5311	6329667.328	453460.6946	93911.97817	3450594.398	1023640.562	2661733.781
sample522	63	GC2	Guangdong	7	31	Control	86600323.79	7442123.038	4347144.886	649709.1541	5941885.536	750118.7506	22763446.18	100409.5965	850528.3472	17931972.65	968657.2843	502047.9827	3738780.859	9987801.632	2516146.36
sample403	64	GC3	Guangdong	8	0	Control	11684888.5	159088.1324	661968.4153	82240.47522	86285.08875	3013237.084	3374555.893	6914940.941	318176.2648	7984067.118	424684.4212	474567.9881	3963721.264	3907096.675	4272460.098
sample418	65	GC3	Guangdong	8	1	Control	27714791.66	1718930.218	1227346.295	718551.5555	140913.5535	5340731.247	2442860.153	12087371	329156.8503	4715763.502	345291.99	461464.9959	1368259.848	5286947.448	13983.78776
sample433	66	GC3	Guangdong	8	3	Control	33259391.97	19743079.95	1612103.043	189752.9794	2419749.128	792497.7375	1906299.89	3894719.766	24715.72421	1992406.284	5789857.716	656959.8951	1670304.588	10257025.55	153875.3152
sample448	67	GC3	Guangdong	8	5	Control	4385109.08	85601.06457	645898.9417	50582.44725	77819.14961	2836508.003	4163324.504	2202281.934	35018.61732	11311013.4	441623.674	513606.3874	11314904.35	3291750.028	2110844.433
sample463	68	GC3	Guangdong	8	8	Control	6989518.556	109366.5777	654542.3968	43083.80333	84510.53731	1531132.088	6956377.169	3108662.118	56340.35821	8900119.527	203819.5312	1019097.656	8011930.351	6499026.026	611458.5935
sample478	69	GC3	Guangdong	8	13	Control	26913034.52	423708.5477	1039388.606	45250.42743	37023.07699	2688972.369	1501491.456	773370.9415	53477.77787	2812382.626	46621.6525	436049.5734	2165164.391	9661651.868	60333.90324
sample493	70	GC3	Guangdong	8	19	Control	33596395.36	119737.1257	8322651.289	77368.60428	71842.27541	3868430.214	1464477.153	24715584.85	99473.91979	7595017.987	31315.86364	2206847.332	3092902.062	12135818.21	55263.28877
sample508	71	GC3	Guangdong	8	25	Control	45594852.62	7040006.003	793575.9065	5282558.931	180512.9744	1277214.442	8283161.393	20833921.97	967277.0706	11787837.82	1028583.364	214572.0262	13800727.78	3743089.791	1294243.968
sample523	72	GC3	Guangdong	8	31	Control	93357082.82	9972875.96	1172287.322	5785533.115	12066547.38	832830.022	1857527.214	21202376.46	364758.4653	6881916.942	761143.3872	510240.1654	2863248.531	1334636.466	3862644.558
sample404	73	GC4	Guangdong	9	0	Control	10603456.04	2003232.991	760520.8295	4050829.696	36969.76255	476909.9369	474797.379	6663007.49	81861.61707	1246409.137	27463.25218	524970.6282	730945.0195	1131274.734	33800.92576
sample419	74	GC4	Guangdong	9	1	Control	20373494.47	369405.1027	1058693.609	124473.4585	69598.06282	1404007.075	1837656.543	7410855.266	338621.3441	4711253.483	95028.12423	373420.3755	1891193.515	4838403.79	30783.75855
sample434	75	GC4	Guangdong	9	3	Control	66681386.15	25443116.4	2122492.336	7320068.239	8204191.975	586438.9764	4670673.878	1574752.378	50606.40913	6403199.179	4111026.53	375082.7971	3679383.629	12883796.4	3503749.621
sample449	76	GC4	Guangdong	9	5	Control	8313124.19	327853.8311	513325.427	58076.96437	28726.24044	1376361.607	1475029.998	6207990.353	20607.9551	1459417.911	138010.8508	219193.7042	1014785.668	3236697.917	33097.62486
sample464	77	GC4	Guangdong	9	8	Control	18313194.36	4214657.685	846508.3329	33383.42721	45306.07979	2354723.884	1238763.603	10144985.08	53651.93659	3347880.843	16691.71361	1142190.117	1982737.123	5089780.385	40537.01876
sample479	78	GC4	Guangdong	9	13	Control	14334489.59	87010.43233	318143.8715	11499.17608	15332.23477	788076.8673	1022276.753	789610.0908	19931.9052	1776622.704	8432.729125	196252.6051	642803.9428	1408649.07	64012.08018
sample494	79	GC4	Guangdong	9	19	Control	41229123.5	339450.7595	9776889.063	367738.3228	38895.39953	7259295.93	657685.8465	143771540.4	300555.36	3733958.355	0	661221.792	1980129.43	1630070.835	67182.96282
sample509	80	GC4	Guangdong	9	25	Control	361247.4423	392389.4632	2532884.365	41522.69451	1885130.331	31800155.59	7065086.472	110035.1405	9838802.465	12274108.5	58493019.76	66436.31122	7743982.527	33218.15561	7345364.66
sample524	81	GC4	Guangdong	9	31	Control	158254147.4	11464151.62	907648.5199	2308636.341	14927106.13	1034575.622	1750636.064	12199370.87	323304.8818	6875617.152	426283.4737	541236.3206	1379434.162	931597.0297	2260739.321
sample405	82	GC5	Guangdong	10	0	Control	10585943.16	359770.3159	627466.7122	184147.8394	59677.54056	1143251.17	3064867.976	5665103.672	158571.7506	6238008.061	156866.678	387904.0136	3322333.937	3118577.762	220806.9001
sample420	83	GC5	Guangdong	10	1	Control	11843389.61	505576.1234	1419147.568	1194020.206	47637.87181	2680782.818	1044191.416	2083004.362	162890.7875	1846351.709	41491.04964	431814.2573	897436.0366	7989332.113	23818.9359
sample435	84	GC5	Guangdong	10	3	Control	35830570.82	3988993.216	1301810.355	87960.15913	1495322.705	303462.549	3546993.417	2539849.595	26388.04774	4349629.869	15404022.87	420009.7598	3412854.174	6337529.465	2078058.759
sample450	85	GC5	Guangdong	10	5	Control	10356584.25	77146.53714	676724.01	48724.12872	96094.80942	1578120.391	5593800.667	7354636.541	40603.4406	10118377.4	590103.3367	498068.8714	7939326.085	4049516.476	1100353.24
sample465	86	GC5	Guangdong	10	8	Control	12936798.31	181684.6675	1454539.823	44624.30429	47811.75459	3843002.586	1331291.745	22146404.73	101998.4098	4208496.888	12749.80122	1124107.475	1907157.767	9026859.267	63749.00612
sample480	87	GC5	Guangdong	10	13	Control	16688922.18	206338.3086	779888.8614	52458.89202	62950.67042	1587755.798	16293731.86	7620528.381	115409.5624	9222273.217	206338.3086	919779.2401	8131128.263	8743148.67	832347.7534
sample495	88	GC5	Guangdong	10	19	Control	31413086.31	307648.2744	4248476.17	102549.4248	76912.0686	8670920.115	1684740.55	22939940.08	128186.781	8322984.567	25637.3562	2426392.64	3656985.738	27602276.43	243554.8839
sample510	89	GC5	Guangdong	10	25	Control	367356.1831	1073204.849	1747565.843	53791.4411	1985035.375	20634921.6	2790595.005	86591.10031	9851705.64	11756709.85	49834490.21	68223.29115	4740206.749	18367.80916	9124865.191
sample525	90	GC5	Guangdong	10	31	Control	66208790.08	10425069.68	737158.7259	1112996.763	12807527.97	835554.092	2503436.198	8442645.014	285507.8654	10205696.41	512946.3345	1698529.843	2767974.56	1572712.818	979114.5441
sample266	91	HC1	Hunan	11	0	Control	3443888.985	247355.0472	19861196.83	30686867.15	5283503.807	194350.3942	327922.1197	1613461.636	5434743.75	729344.0247	113076.593	9187.47318	157600.5015	6360.558355	874223.4095
sample281	92	HC1	Hunan	11	1	Control	3082491.809	247286.251	15613951.55	35233711.39	3060739.778	222099.6884	519759.0645	820852.972	4067629.86	868936.4096	16600.23444	12020.85942	293652.423	11448.43754	23469.29697
sample296	93	HC1	Hunan	11	3	Control	20054459.66	3330896.799	20130014.68	21291403.19	9273838.397	481393.3805	7179885.128	10057451.84	12663020.49	7056838.389	569900.6836	64761.44132	4790187.943	23745.86182	608757.5484
sample311	94	HC1	Hunan	11	5	Control	19473479.61	4161702.937	29290100.07	23880360.79	5887441.404	811460.892	7107005.434	11387343.01	16543995.07	8505312.313	10128234.1	148688.7404	5441375.182	18981.54133	162924.8964
sample326	95	HC1	Hunan	11	8	Control	7645372.282	2781851.508	25412496.69	23854247.97	3018677.855	772259.8265	2019888.48	10320823.55	10235016.9	2198366.306	621240.1271	96103.44508	2061075.67	0	243690.8786
sample341	96	HC1	Hunan	11	13	Control	5851124.94	2062396.667	7728620.1	1485346.229	2191652.46	1215004.452	1216757.073	1110723.508	3910097.272	2394080.176	1786797.027	180081.7995	1369673.249	4381.552299	148534.6229
sample356	97	HC1	Hunan	11	19	Control	7443791.812	3042460.809	10904868.1	2782945.292	6311834.683	1439724.275	6619601.828	5828014.297	5087286.59	10563194.41	17956126.39	249082.7323	6058839.656	0	2777728.9
sample371	98	HC1	Hunan	11	25	Control	10097214.78	2117489.476	5382703.301	267783.576	1200943.167	343810.4588	317905.0024	2227024.503	2850726.523	487698.374	96582.29923	1454084.528	774629.4612	0	29847.59102
sample386	99	HC1	Hunan	11	31	Control	18357162.64	2365984.898	12306890.81	12920133.22	4740668.269	1299455.349	2122910.877	1551227.843	1110021.918	1850358.695	62339.06287	137242.588	1608251.172	19329.94197	45908.61219
sample267	100	HC2	Hunan	12	0	Control	9778994.636	688696.7388	13966071.19	1107903.449	7425947.445	3134069.217	5796530.885	8229426.973	30442392.08	12351626.29	489074.4957	900795.3721	6437817.341	19962.22431	286956.9745
sample282	101	HC2	Hunan	12	1	Control	4409621.472	107968.086	6740963.976	2933488.628	2288667.372	1232031.084	1166738.131	2087240.745	11001222.48	2037310.84	115222.8585	667439.0769	926903.8843	9388.529215	62732.44521
sample297	102	HC2	Hunan	12	3	Control	13664383.09	7941581.404	20620322.63	8896829.03	14187598.27	4009869.014	5783590.175	5132284.975	33485771.34	7613757.786	4155327.175	579661.6279	6560814.38	19539.156	3597375.721
sample312	103	HC2	Hunan	12	5	Control	9578150.149	5961606.885	13874135.19	1494112.265	5326691.629	1438041.827	865793.5311	5076023.788	14019258.68	1700253.582	646459.1699	85754.78784	1019162.671	0	201193.9253
sample327	104	HC2	Hunan	12	8	Control	10826521.43	7412292.359	15453329.26	33135463.91	12417182.45	773919.7743	369726.8557	6124514.921	13434453.52	1274199.898	125331.1375	383304.3956	1075758.931	10444.26146	86687.37013
sample342	105	HC2	Hunan	12	13	Control	6060422.787	2068900.454	15538115.87	953707.3498	1251333.561	1004397.945	4835882.826	5325409.15	6438429.8	7828076.273	6356600.696	438111.5768	4467289.78	4344.908199	5801176.598
sample357	106	HC2	Hunan	12	19	Control	17313270.14	1148458.339	41950755.14	472193.6363	2451831.941	1930482.5	5556095.468	8398194.704	9071480.268	6975655.516	19918527.77	2110720.45	3379833.945	0	3296418.035
sample372	107	HC2	Hunan	12	25	Control	13168629.89	2233512.821	9008726.296	152157.3591	1321130.132	588978.1168	1937058.63	2152100.212	2927485.13	3655145.415	2381178.45	697902.5732	2564777.92	0	500827.9125
sample387	108	HC2	Hunan	12	31	Control	13232727.55	7196043.173	7067077.036	4245859.255	3167354.874	648839.9964	1307035.049	1893730.741	1419963.947	1520864.914	3884353.14	48779.93793	610751.5517	16705.4582	41429.53633
sample268	109	HC3	Hunan	13	0	Control	15343758.64	725323.0857	19683998.39	31710323.11	10099371.9	1489084.952	1686292.612	8468230.588	16099164.25	5526828.213	9205252.433	489676.6454	2134187.973	28411.27294	514745.4156
sample283	110	HC3	Hunan	13	1	Control	7092375.682	350625.5487	3701047.458	18621463.17	3743252.385	364910.2932	1502495.407	6085950.496	5412619.581	2585538.768	2625146.469	105836.9712	1925193.985	7791.678859	106486.2777
sample298	111	HC3	Hunan	13	3	Control	9965730.985	8204625.463	24842681.44	17361449.71	14414718.03	2378185.803	1246871.954	2427875.789	11427541.02	1251494.278	24267.20207	41600.91784	1845462.939	0	64712.53887
sample313	112	HC3	Hunan	13	5	Control	5861275.507	1052463.802	14244215.06	3953276.3	2372129.206	1124371.267	2004420.58	4236820.508	8865046.42	1759281.495	40039.38378	272921.5139	2466916.319	0	54747.72884
sample328	113	HC3	Hunan	13	8	Control	6376357.287	5305492.952	8760545.805	5200258.643	2494474.075	824195.1127	3195755.514	2077746.209	5616144.634	2744510.794	512701.5563	107759.933	3335506.677	8418.744767	756003.2801
sample343	114	HC3	Hunan	13	13	Control	5113618.002	1065498.133	14683775.35	2846911.375	2231490.648	795365.7966	1557662.929	5053922.621	3603196.022	2260264.68	2315665.429	215161.0497	1415940.082	0	127121.0992
sample358	115	HC3	Hunan	13	19	Control	14804315.58	4019871.373	24676048.06	818157.421	2471544.569	875940.6096	6554452.148	3084834.321	3967341.202	9982045.837	9115298.008	351952.149	6943175.417	0	2086761.062
sample373	116	HC3	Hunan	13	25	Control	22790922.36	1340047.972	10470090.88	270506.5782	1756211.938	577873.3934	3866757.768	6007029.596	3581388.191	3816818.092	1521376.557	4904195.084	4603962.509	0	497613.1999
sample388	117	HC3	Hunan	13	31	Control	25018888.22	1656944.689	7212429.576	17824037.23	2674549.621	522800.2301	733092.228	3712988.434	1138701.871	451183.7602	67059.05816	741555.9926	267585.1738	20182.82333	12370.11752
sample269	118	HC4	Hunan	14	0	Control	11608581.36	866013.1849	30665877.29	8179569.619	11966500.11	2840823.598	5186067.396	6518876.705	15271616.9	10542333.92	1656938.521	92608.34636	6558923.558	16269.03382	2789513.568
sample284	119	HC4	Hunan	14	1	Control	5563331.862	129507.0696	2634830.45	677632.0612	2728768.677	897429.2708	1840459.622	2374904.29	10577626.71	5006086.654	2302854.582	51073.21053	2774369.758	10944.2594	103058.4427
sample299	120	HC4	Hunan	14	3	Control	15732454.82	9694543.829	18523448.38	3941585.265	12376177.26	2952723.311	3347035.866	1785188.481	16274634.59	5053669.892	2866467.44	247985.6302	2313505.693	7701.417087	596089.6825
sample314	121	HC4	Hunan	14	5	Control	13337688.8	1228057.474	15655681.47	273509.4597	2029440.191	1557636.373	4112214.727	969591.0347	7825105.642	7405268.622	7462705.608	354194.7503	4261277.382	4102.641896	1171988.035
sample329	122	HC4	Hunan	14	8	Control	14934987.72	2751181.948	7399888.805	17186579.78	3100665.702	858240.4328	3586505.413	5275485.918	10067423.82	6613836.82	2797015.883	1229495.306	4199534.294	6875.090249	475527.0756
sample344	123	HC4	Hunan	14	13	Control	13410318.83	3762105.69	14744664.57	10391181.46	4480289.187	1261144.055	1182754.845	4377691.545	6324741.188	2962074.634	5411161.056	420765.6126	1643291.454	3458.347501	222487.0226
sample359	124	HC4	Hunan	14	19	Control	18784428.58	1916413.287	23854773.07	629195.8562	1376676.557	794198.2451	5049470.695	2692719.707	4244338.556	8747114.589	14122614.1	442325.6809	5954001.862	9939.902942	444313.6615
sample374	125	HC4	Hunan	14	25	Control	25767862.72	1439769.815	8976890.802	221286.2075	885144.8302	308673.1175	1254424.998	1886570.629	1463730.742	3914792.621	6502572.729	2623016.766	5138209.36	2818.93258	152927.0925
sample389	126	HC4	Hunan	14	31	Control	23815527.85	886386.7167	6477505.174	7200544.666	1459345.764	580421.6105	3232119.197	1200643.56	682409.9792	4167427.164	4210544.198	745427.1827	2814215.637	23216.86442	1010762.776
sample270	127	HC5	Hunan	15	0	Control	20665590.45	370339.125	30631382.95	20131768.29	4934518.612	2352153.902	5508377.436	11243629.29	17963115.76	13095324.92	797396.8548	1908414.23	6419211.501	43373.05068	213528.8649
sample285	128	HC5	Hunan	15	1	Control	16332025.18	944653.281	13231308.63	23328446.08	5718101.64	717513.9087	2292522.967	5078942.011	8468424.893	2594495.078	610106.9187	710470.8273	1273917.332	15846.93295	127655.8488
sample300	129	HC5	Hunan	15	3	Control	11398317.1	10422977.54	21152619.99	37590947.56	11416462.95	2126693.886	1133208.474	3009489.599	10933783.28	1310130.534	778457.0623	495381.7669	792066.4515	9072.926134	161498.0852
sample315	130	HC5	Hunan	15	5	Control	16542735.22	13486005.48	9625648.247	5790535.854	11514804	614291.1787	1262242.148	1755568.454	5258290.415	2811644.385	1353754.704	292419.431	2178419.574	6311.21074	122016.741
sample330	131	HC5	Hunan	15	8	Control	27460365.42	4705005.797	20037878.39	8780282.12	5306369.078	983361.3402	2630491.585	3067330.95	5790485.43	7810158.336	5845326.736	3050311.234	4971648.006	0	682679.6996
sample345	132	HC5	Hunan	15	13	Control	9454938.986	4050685.146	5416130.505	3287609.403	4453007.182	286895.6952	309535.5884	1186553.089	1310144.637	488056.7131	640226.4868	378939.851	302112.6726	0	41568.32842
sample360	133	HC5	Hunan	15	19	Control	41903526.6	3377592.983	16421120.26	1603020.816	4111607.778	416222.9488	3942868.745	2770132.463	2519836.231	13673486.33	48107498.39	2134548.771	10256520.91	14061.58611	10307142.62
sample375	134	HC5	Hunan	15	25	Control	20258048.22	3009586.747	7367793.107	485435.4045	3169143.332	223266.4578	216500.8076	1984026.932	1134937.827	691223.9325	3144899.752	2048864.413	748731.9595	0	25371.18839
sample390	135	HC5	Hunan	15	31	Control	51245479.62	786384.3154	10385696.3	31711286.48	1698183.371	713508.1827	13643089.95	3148926.849	1438879.922	5433508.869	644021.6376	1579547.806	5860596.902	42369.84458	2210011.093
sample1	136	SC1	Shanghai	16	0	Control	14665.05222	76145.46344	16357.17363	12972.93081	8379949.261	16933622.99	772171.4033	0	17382599.2	2133765.098	1973577.604	136497.7937	680232.8067	0	1440559.36
sample11	137	SC1	Shanghai	16	1	Control	28906.48049	60125.47942	8671.944147	4046.907269	5078868.622	21198278.4	554426.2958	5781.296098	19656406.73	1226791.032	1832670.863	84985.05264	705896.2536	8093.814537	489675.7795
sample21	138	SC1	Shanghai	16	3	Control	55507.55377	23583141.14	11774.32959	8410.235419	5567575.847	24022996.45	1264058.383	10092.2825	23658833.26	2123584.443	5729052.367	28594.80042	1741759.755	3364.094168	62235.7421
sample36	139	SC1	Shanghai	16	5	Control	30397.59866	1777090.383	4676.55364	8963.394476	4117705.48	12017184	690181.3746	3507.41523	11228795	809043.7797	1743575.082	79501.41187	332035.3084	0	97817.91363
sample51	140	SC1	Shanghai	16	8	Control	8527.478495	3009929.195	1624.281618	1082.854412	1289138.178	2775761.928	244048.3131	2301.065626	2550122.14	278699.6543	738100.6386	16107.45938	183679.1796	541.427206	77153.37686
sample66	141	SC1	Shanghai	16	13	Control	32589.20688	1268519.505	0	1844.672087	4326985.827	15359354.69	291458.1898	4304.234871	7515194.084	234888.2458	1594411.574	49806.14636	160486.4716	0	9223.360437
sample86	142	SC1	Shanghai	16	19	Control	58240.6978	1427265.708	0	11426.97235	1042434.768	8965749.952	642490.7358	2580.28408	9561426.963	751968.5032	2524623.666	27277.28884	553655.2411	2948.896091	46445.11343
sample101	143	SC1	Shanghai	16	25	Control	11173964.19	4897814.492	11476.5629	8416.146125	4104401.444	3861863.415	699687.7846	8416.146125	2152620.647	1474355.78	2346957.112	34812.24079	658372.1582	3442.968869	5738.281449
sample116	144	SC1	Shanghai	16	31	Control	9741835.107	663591.6935	15452.32922	12018.47828	406911.336	257538.8203	1952144.257	8584.627342	265264.9849	4022756.372	17479159.73	435240.6062	3697398.996	0	483314.5193
sample2	145	SC2	Shanghai	17	0	Control	37553.17956	107845.0285	0	7703.21632	1963357.26	13371820.63	5132267.873	7703.21632	20266199.24	8300215.585	10505261.26	56811.22036	2331185.839	5777.41224	4897319.775
sample12	146	SC2	Shanghai	17	1	Control	61290.12151	60644.96234	9032.228433	11612.86513	877416.4764	14514791.09	1930961.407	4516.114217	20477352.18	2143218.775	5119338.044	45806.30134	745158.8457	5806.432564	135483.4265
sample22	147	SC2	Shanghai	17	3	Control	56283.89542	19092380.21	0	22072.11585	4330549.13	11441081.25	3335096.705	0	21054591.31	8725107.396	15227552.73	26486.53902	2574712.314	0	595947.128
sample37	148	SC2	Shanghai	17	5	Control	43413.79766	789627.769	5662.66926	13842.08041	819199.4863	9279856.546	2489686.918	8808.596626	14051599.18	5826257.483	10597370.93	366185.9455	2997439.595	0	10385964.61
sample52	149	SC2	Shanghai	17	8	Control	86666.20507	2209988.229	0	0	1087358.55	15349995.76	3342695.375	9069.719136	17722231.19	3856646.126	8947781.8	501857.7922	2583862.207	0	10006923.45
sample67	150	SC2	Shanghai	17	13	Control	42143.97269	1090863.461	0	7097.932242	2158658.643	11653030.26	1173376.924	3548.966121	5085224.831	1247017.971	7038487.059	30166.21203	1004801.033	2661.724591	12865.00219
sample87	151	SC2	Shanghai	17	19	Control	116180.3237	2198899.154	11724.61982	14389.30615	1668093.639	19628079.46	811663.4542	8526.996236	12562930.14	1458116.356	6328630.019	62353.65997	599021.4856	0	1347798.343
sample102	152	SC2	Shanghai	17	25	Control	12602835.75	3853517.046	0	6524.473305	1755083.319	1000691.093	233249.9206	4077.795815	1967944.261	703827.5577	1706965.328	205520.9091	292785.7395	0	3262.236652
sample117	153	SC2	Shanghai	17	31	Control	8370087.934	1961407.092	6929.078533	10513.08467	2426850.023	464726.1292	348365.3966	5973.343563	297233.5757	551459.0777	1579829.905	160802.4087	239650.5437	1194.668713	13619.22332
sample3	154	SC3	Shanghai	18	0	Control	26858.49026	6202479.99	5493.782099	13429.24513	2163939.727	14427282.21	3534943.571	10377.14397	26076541.94	1955176.007	4343750.38	237453.4707	810638.0697	6104.202332	191671.9532
sample13	155	SC3	Shanghai	18	1	Control	18898.34485	11137717.56	0	7910.935054	1258278.17	12801211.41	2391299.868	3515.971135	14392627.84	1056109.83	2525785.764	57574.02734	269850.7846	2636.978351	66363.95518
sample23	156	SC3	Shanghai	18	3	Control	103346.5742	24926105.83	35899.33628	9790.728078	3913027.655	21997590.27	3695455.92	0	24607363.24	6676188.69	18556693.28	64183.66184	2940481.999	6527.152052	11657493.56
sample38	157	SC3	Shanghai	18	5	Control	8882.819959	2863706.538	1719.255476	2005.798055	3187499.653	6983042.658	457895.0418	0	7469591.958	606037.5553	1511512.106	49285.32365	348722.3191	1719.255476	60460.48424
sample53	158	SC3	Shanghai	18	8	Control	96720.89194	4734582.485	5689.464232	3792.976154	2596292.178	30368463.58	1197632.221	12327.1725	25882321.03	1397711.713	8083780.429	36033.27347	862902.0751	12327.1725	2086136.885
sample68	159	SC3	Shanghai	18	13	Control	33752.2489	1706022.763	0	4602.579396	1915440.125	25497522.75	979582.3147	8438.062225	13008423.56	869887.5058	2258332.29	194842.5277	804684.2976	6903.869093	6136.772527
sample88	160	SC3	Shanghai	18	19	Control	121966.2332	2770732.911	0	23493.49573	1859485.194	17735089.97	1044710.768	8497.647392	11243387.22	1410609.467	6861600.338	58483.80852	858762.2482	0	4941132.027
sample103	161	SC3	Shanghai	18	25	Control	7382057.154	5155522.921	7039.629464	12067.93622	857829.1333	9839893.499	388688.1125	10559.4442	4206178.605	754246.014	1297303.144	93526.50574	128724.6531	3519.814732	0
sample118	162	SC3	Shanghai	18	31	Control	15573227.94	3729116.916	18154.34925	21892.00939	2768538.26	1315122.417	1052418.305	4271.611587	962714.4615	1076446.12	2507969.953	233336.783	743794.3676	1601.854345	16018.54345
sample4	163	SC4	Shanghai	19	0	Control	71761.07899	175884.9975	0	59097.35917	2752248.441	50507135.89	9402108.427	32362.83954	32150370.47	11670321.36	42472709.2	298300.9558	3578204.39	0	2430027.126
sample14	164	SC4	Shanghai	19	1	Control	22510.26915	81747.81955	16586.51411	36727.28125	2380164.775	18310326.83	3932188.595	0	15439675.14	6217573.29	17421763.57	181266.9042	2406229.297	9478.008064	464422.3951
sample24	165	SC4	Shanghai	19	3	Control	61095.52744	13471563.8	0	8485.489923	3202423.897	26023300.5	3801499.485	10182.58791	19066895.86	8142676.13	25914686.22	25456.46977	2783240.695	0	1692006.691
sample39	166	SC4	Shanghai	19	5	Control	14476.34291	1437461.726	0	0	1367036.274	11816608.34	338433.4222	1565.010045	7905648.241	665911.7741	2034513.058	0	97813.1278	0	35603.97852
sample54	167	SC4	Shanghai	19	8	Control	61770.45335	1698093.52	3563.680001	10691.04	3937866.401	22770133.37	1397556.507	6533.413335	9253689.069	1784215.787	7914339.335	39200.48001	590382.9868	4157.626668	477533.1201
sample69	168	SC4	Shanghai	19	13	Control	34033.24318	1693900.191	4478.058313	8359.042185	3304508.498	11039309.35	186287.2258	2686.834988	6995622.697	564832.4219	1116529.206	75231.37966	107473.3995	0	3283.90943
sample89	169	SC4	Shanghai	19	19	Control	73673.56177	2720827.337	6270.090363	5486.329068	3189516.592	16166644.24	556078.6391	6661.971011	8498715.607	1650209.407	2540170.358	43106.87125	462811.0449	1567.522591	65052.18752
sample104	170	SC4	Shanghai	19	25	Control	15931163.18	5585691.608	7024.764868	15053.06757	3772298.734	13719365.79	1720063.855	7024.764868	5285633.794	4539001.642	3564566.402	93329.01896	1454126.328	0	0
sample119	171	SC4	Shanghai	19	31	Control	21830925.66	1541993.788	22727.7996	21853.65346	1468565.513	1641646.448	2167008.277	4370.730693	1584826.949	4531573.582	10907595.52	231648.7267	4158313.181	6993.169108	508753.0526
sample5	172	SC5	Shanghai	20	0	Control	11695.46251	168934.4585	23390.92502	0	6059549.077	23149218.8	12074915.3	15593.95002	30354923.2	9854076.915	22950395.94	36385.88337	2393671.328	10395.96668	1924553.331
sample15	173	SC5	Shanghai	20	1	Control	8820.181082	53901.10661	25480.52312	9800.201202	6385811.103	10112827.62	1890458.812	0	16821065.34	1291666.518	3288947.523	163663.3601	755595.5127	6860.140841	83301.71021
sample25	174	SC5	Shanghai	20	3	Control	48471.69594	6014183.378	29083.01756	12464.15038	3812183.476	15536332.64	1112079.195	6001.257592	15325365.35	1499391.128	3510274.056	149569.8046	662908.1463	3231.446396	54934.58873
sample40	175	SC5	Shanghai	20	5	Control	19566.48957	3943537.034	8226.819477	0	3535308.911	8308865.326	427127.5734	2890.504141	7668285.139	464704.1272	1447697.882	333297.3621	234353.1819	1111.732362	25569.84432
sample55	176	SC5	Shanghai	20	8	Control	43967.50822	2649757.818	7544.720346	6764.232034	4326767.037	11031161.63	754992.3601	3642.278788	11151096.67	424065.316	1032325.874	21333.34718	235187.1446	0	84032.57489
sample70	177	SC5	Shanghai	20	13	Control	50945.18087	978003.9652	0	11480.60414	3252598.66	13977635.54	1007423.013	0	11515763.49	1233447.407	4875669.071	84669.45553	424064.8154	2870.151035	0
sample90	178	SC5	Shanghai	20	19	Control	106517.926	1134906.455	10862.02535	14365.90449	1703235.652	13775851.24	836025.5638	5255.818717	12900582.23	1014723.4	2499667.382	44499.26513	582695.1017	1051.163743	59916.33337
sample105	179	SC5	Shanghai	20	25	Control	8564759.553	4712928.475	0	23578.78965	1860838.079	11195209.33	3654712.396	15090.42538	6856712.03	6403056.118	11957275.81	19806.18331	2260734.352	0	33953.4571
sample120	180	SC5	Shanghai	20	31	Control	10254173.88	2598437.277	16649.83668	12398.81455	866854.2628	818321.7601	277733.4459	7085.036884	573533.7358	407743.8727	1354304.8	78289.65757	236640.2319	0	14524.32561
