Row.names...1	sampleID	Subject	Vendor	subjectID	Time	Group	Muribaculaceae	Faecalibaculum	Bacteroides-acidifaciens	Akkermansia-muciniphila	Parasutterella	Bacteroides	Lachnospiraceae-NK4A136-group	Alloprevotella	Parabacteroides-goldsteinii	Lachnospiraceae	Lachnospiraceae-bacterium-28-4	Clostridia-UCG-014	Oscillospiraceae	Rikenellaceae-RC9-gut-group	Mucispirillum-schaedleri
sample136	1	BR1	Beijing	1	0	Resistant starch	50887515.17	44782260.91	3308637.152	3581541.238	6630269.737	1044832.785	8228707.953	1413903.072	168940.6244	5208569.406	24207891.94	426250.1909	4589986.811	4517212.389	392462.066
sample151	2	BR1	Beijing	1	1	Resistant starch	25795190.23	41825191.86	443306.1897	190522.0422	1434518.906	1217846.78	1241506.38	266481.8107	52300.16845	2809266.191	206710.1896	336215.3686	1880315.58	7710539.12	422137.0739
sample166	3	BR1	Beijing	1	3	Resistant starch	36003546.25	33338574.75	1062707.514	42836.40922	2258481.32	1343422.706	787460.7994	890450.4641	31899.45368	1191216.742	466643.4367	288006.4961	1089138.49	4146928.978	592418.4254
sample181	4	BR1	Beijing	1	5	Resistant starch	49205857.17	28046823.25	1611617.144	20613.70766	2578587.431	817052.4128	1227452.593	482548.1566	43101.38875	1462636.257	641835.8976	83391.81736	1721244.59	1310844.41	500350.9041
sample196	5	BR1	Beijing	1	8	Resistant starch	92442917.87	21320179.83	2342460.229	29491.40576	3768580.35	535058.3616	391814.3908	389707.8618	75835.04337	891061.7596	115859.094	155883.1447	1152271.353	332831.5792	164309.2606
sample211	6	BR1	Beijing	1	13	Resistant starch	60718256.87	3864558.816	8513880.922	44843.6166	4793462.303	2174915.405	33443728.63	257850.7954	270663.2573	3177490.547	147343.3117	765544.5976	2267805.754	5144203.447	10128251.12
sample226	7	BR1	Beijing	1	19	Resistant starch	90553004.85	13274066.28	6374083.118	130929.4718	3676935.999	1983581.498	4410141.041	290226.9958	242219.5228	2930638.01	141840.2611	2948095.273	2158154.127	7722656.678	189847.7341
sample241	8	BR1	Beijing	1	25	Resistant starch	137618086.7	23512127.69	3797077.566	224329.8313	5218620.287	991773.9912	22784826.76	108622.8657	250304.8644	2418039.445	167657.0318	1256247.056	1789915.917	8066428.462	325868.5971
sample256	9	BR1	Beijing	1	31	Resistant starch	68706990.01	14749313.72	5473327.883	143357.8156	8913915.458	424559.6847	5543168.87	69840.98709	494400.6718	5791288.166	126816.5292	1736835.074	4392630.504	7897545.303	1632073.593
sample137	10	BR2	Beijing	2	0	Resistant starch	20296404.34	11388335.44	805076.5814	1197268.111	1729387.271	893763.1081	1285954.637	6344042.878	53211.91603	1707708.342	202993.6056	681900.8498	1389422.252	8744491.534	1076063.191
sample152	11	BR2	Beijing	2	1	Resistant starch	36375031.18	34152922.82	804027.1188	193810.8329	944108.2159	347324.364	4352108.605	255216.2453	88270.28034	2747892.206	8387595.552	495081.1376	3749567.996	5355703.314	1057324.445
sample167	12	BR2	Beijing	2	3	Resistant starch	14760865.93	27722903.02	389270.3699	35215.16794	1744578.455	130391.2975	2795322.925	1156389.974	19035.22591	1332465.814	5538298.979	188448.7365	1505686.37	1775986.578	6074140.589
sample182	13	BR2	Beijing	2	5	Resistant starch	26775593.05	26281394.01	1179044.157	40720.52033	818112.2721	310956.7007	7722091.401	2219268.358	42571.45307	4049840.84	14544629.49	638571.7961	2341429.919	8279222.157	7246401.686
sample197	14	BR2	Beijing	2	8	Resistant starch	62497360.48	22631484.81	952334.6644	63701.31534	1724713.113	404503.3524	5209175.062	2076662.88	47775.98651	3269470.01	6054810.023	641790.7521	2828338.401	6354206.206	431576.4115
sample212	15	BR2	Beijing	2	13	Resistant starch	78106903.49	1495994.923	15098622.92	33617.86345	1659882.008	953906.8754	1651477.542	275246.257	386605.4297	4179120.65	193302.7148	932895.7107	7009324.529	1729218.851	19803022.69
sample227	16	BR2	Beijing	2	19	Resistant starch	75138545.57	9524517.89	3224981.803	4093777.472	8634232.576	4218110.421	3462902.878	282435.3412	142752.6453	1310868.377	112053.1517	2383815.678	742927.7452	750602.6186	107448.2276
sample242	17	BR2	Beijing	2	25	Resistant starch	81721511.8	25242470.62	1315778.035	1561389.935	8847876.3	298243.0214	1482443.253	204676.5833	181284.9738	3336228.308	157893.3642	3198802.602	2622784.217	5546735.407	444440.5809
sample257	18	BR2	Beijing	2	31	Resistant starch	72930056.82	5182323.067	1033576.376	342462.4319	13339530.63	596214.7159	2989325.686	94899.22813	798391.3323	6407760.925	154727.0024	2228068.834	2405489.13	14389611.22	9529120.32
sample138	19	BR3	Beijing	3	0	Resistant starch	27260533.39	13740443.41	2212911.129	4444575.742	4446919.927	1529581.05	1223664.84	4711812.891	48055.80312	1992557.69	267237.149	148855.7804	792334.705	6609431.068	291851.097
sample153	20	BR3	Beijing	3	1	Resistant starch	45138361.04	37210264.08	995992.0793	982712.1849	429383.252	677274.6139	8853262.927	1084524.709	157145.417	6668720.3	281091.0979	621941.7206	5044146.553	19539151.28	13058562.82
sample168	21	BR3	Beijing	3	3	Resistant starch	42698698.79	28627205.52	784614.0901	154681.0635	838416.1992	546988.1086	3521796.387	295911.5997	73977.89993	12739891.07	298153.3543	1392129.571	5933924.276	10623674.78	13721779.56
sample183	22	BR3	Beijing	3	5	Resistant starch	56800845.5	32301461.95	1066355.496	18754.99615	2033577.44	431364.9116	350986.3566	827899.116	64302.84396	1473606.841	75019.98462	750199.8462	640349.1544	5449666.026	152719.2544
sample198	23	BR3	Beijing	3	8	Resistant starch	41799762.81	25592599.61	449248.1877	13691.37334	2808442.956	280673.1535	412452.6218	1025997.29	86426.7942	1003748.808	57332.62586	195957.7809	420154.0194	1406788.611	130923.7576
sample213	24	BR3	Beijing	3	13	Resistant starch	44672924.88	15319893.75	856604.167	17576.11142	6716849.737	289543.3092	673442.5849	1542997.571	144309.1253	2308020.947	77704.91364	667892.2339	251615.9108	5650257.292	433852.4345
sample228	25	BR3	Beijing	3	19	Resistant starch	120432737.7	5338035.461	4929856.06	75295.22921	4418641.083	495363.3501	2361892.453	435919.7481	261551.8488	10133152.69	225885.6876	1414757.728	5322183.833	8639136.826	8904651.581
sample243	26	BR3	Beijing	3	25	Resistant starch	115959361.3	25174557.44	2068744.962	107574.738	5949710.51	339274.1737	16332741.47	136537.1675	146880.8923	2887967.966	142743.4024	1013685.031	4398151.789	8738378.718	475811.3412
sample258	27	BR3	Beijing	3	31	Resistant starch	57200254.6	6329988.331	2478816.569	110278.5423	4973562.26	377397.6783	8746313.725	58815.22259	465620.5121	6355719.991	102926.6395	477873.6835	8103022.228	6329988.331	151939.325
sample139	28	BR4	Beijing	4	0	Resistant starch	26717362.66	21549231.35	1445712.244	2816375.717	7440744.565	357505.057	1692008.667	523294.6159	35477.60108	1666764.989	48440.57071	146686.2352	592203.0334	6453512.089	2873685.688
sample154	29	BR4	Beijing	4	1	Resistant starch	39232277.56	43480094.41	633025.1207	613379.5135	1073959.86	1124165.3	5149331.93	209553.1434	69851.0478	5077298.037	130970.7146	124422.1789	5544426.919	6760271.72	886235.1689
sample169	30	BR4	Beijing	4	3	Resistant starch	31246619.5	38016248.25	732770.5269	66100.43413	2887644.679	679890.1796	503307.5913	358830.9281	41548.84431	1339950.229	75543.35329	165251.0853	795093.7934	5140725.191	179415.4641
sample184	31	BR4	Beijing	4	5	Resistant starch	76050395.15	29896697.89	1305192.952	65691.83069	1728732.387	447741.6881	914499.4325	1175538.023	32845.91535	1574875.204	145213.5205	157314.6472	1272347.037	4603614.346	471943.9415
sample199	32	BR4	Beijing	4	8	Resistant starch	98774610	33982492.1	1605790.156	62279.07314	2853054.837	496549.3669	934186.0971	84160.90965	136340.6736	2114122.05	188520.4376	745665.6595	821410.4782	1070526.771	429220.6392
sample214	33	BR4	Beijing	4	13	Resistant starch	79944804.13	20845660.89	8607322.715	47426.45227	9639137.238	810876.6595	168884.4398	390979.0455	151533.2987	439562.2405	65934.33608	2190870.746	175824.8962	790055.2902	90225.93359
sample229	34	BR4	Beijing	4	19	Resistant starch	83176757.64	12667593.6	2983464.586	217620.8767	5902231.074	492587.7952	9157721.756	341135.4283	176449.3595	1070459.447	83813.44574	1039580.809	758732.2457	7169725.639	120573.729
sample244	35	BR4	Beijing	4	25	Resistant starch	121336277.7	14803965.87	13093093.09	129790.349	4210320.262	987193.2608	5579018.488	145522.5125	247781.5754	3645928.895	161254.6761	2932081.976	4601657.829	9431432.029	3598732.405
sample259	36	BR4	Beijing	4	31	Resistant starch	84689141.15	3969967.942	3001683.078	195761.9399	5971791.65	496772.2345	9087142.951	84198.68382	850406.7066	8329354.797	189447.0386	574656.0171	7651555.392	4418325.933	3791045.739
sample140	37	BR5	Beijing	5	0	Resistant starch	44766611.49	21104657.98	2521812.74	2770192.287	7735248.727	909880.1747	2392553.997	7910128.204	86172.49565	2978020.07	14231134.21	740069.6685	1505484.189	5568263.91	390310.7156
sample155	38	BR5	Beijing	5	1	Resistant starch	30537413.12	44664102.29	594113.0958	1746692.502	3043179.302	400036.1512	1345336.099	231043.9817	29045.52913	1036397.289	1061482.064	254808.5055	1342695.596	5114653.629	161070.6615
sample170	39	BR5	Beijing	5	3	Resistant starch	48801872.28	38188304.08	1135566.45	172143.1943	1921060.185	407935.973	3468902.352	766688.1762	63649.58444	3087004.845	11966121.87	105600.4469	4908250.909	4548052.124	10240350.19
sample185	40	BR5	Beijing	5	5	Resistant starch	47456936.02	28971108.03	782251.0732	25592.85161	802280.2614	180262.694	5384513.433	1013699.47	67876.69341	3913480.831	9884404.386	109047.8025	7920431.208	2888654.034	16985864.34
sample200	41	BR5	Beijing	5	8	Resistant starch	62516902.82	24483588.85	4784825.434	15120.58599	2790588.148	898834.834	1806069.994	1821190.58	60482.34397	1276849.484	2552018.903	322572.5012	1468376.906	2610821.181	171366.6413
sample215	42	BR5	Beijing	5	13	Resistant starch	102770935.5	8372744.354	10805791.84	60769.9187	10913827.25	1444973.622	7080820.897	1224401.325	202566.3957	4510478.41	207067.8711	2772908.883	3097015.116	1231153.538	738241.9753
sample230	43	BR5	Beijing	5	19	Resistant starch	81343242.5	14178172.3	1502799.841	208855.5689	5922375.73	933848.4633	2950384.991	264070.2596	232861.9562	4551611.019	156041.517	674579.4812	3356092.935	6064013.415	4040274.971
sample245	44	BR5	Beijing	5	25	Resistant starch	89120442.94	26382821.01	2855241.617	541913.2049	8610398.7	862399.5089	3521464.661	118482.8154	217542.2185	6232973.027	233080.9483	1179001.13	2251173.493	11061633.34	666223.044
sample260	45	BR5	Beijing	5	31	Resistant starch	62107734.81	7489202.31	3994301.328	2789069.806	14551119.85	548979.8034	3206438.688	63101.12683	405650.1011	2186003.322	64002.5715	1674884.195	1459438.919	5083246.489	73017.01819
sample406	46	GR1	Guangdong	6	0	Resistant starch	16252531.14	1118374.939	429802.4839	2892004.31	43313.42861	453125.0993	2295611.717	13888062.17	222120.1467	2764285.226	81073.85356	1003983.063	2019072.134	1766965.767	874042.7774
sample421	47	GR1	Guangdong	6	1	Resistant starch	46636401.39	7450383.049	1250810.804	2390387.98	170255.5541	1595862.061	4324491.075	14228824.18	43131.40705	4778505.886	206576.739	717343.4014	4195096.854	2054417.02	740044.1419
sample436	48	GR1	Guangdong	6	3	Resistant starch	44970186.55	19838320.45	10886508.67	1159282.658	5642865.918	3289752.443	35262153.96	9827031.803	95967.10745	22943816.05	29296838.56	1186153.448	11861534.48	20087834.93	4126585.62
sample451	49	GR1	Guangdong	6	5	Resistant starch	32498855.78	4428083.902	5254659.564	187619.555	1308088.785	1999525.886	3483426.003	8774822.263	38048.72094	2000837.911	124642.3617	21922623.38	1789601.909	4569782.587	671756.7283
sample466	50	GR1	Guangdong	6	8	Resistant starch	51437313.95	11119578.89	5118083.981	236526.1528	585615.9566	2680154.779	1746873.875	8037614.626	74092.52979	3101912.257	17098.2761	772272.1374	1981975.172	4157730.806	195205.3189
sample481	51	GR1	Guangdong	6	13	Resistant starch	76401062.76	8914310.676	4122581.784	203039.3598	278958.4248	1521912.419	1345356.454	14938400.2	44138.99127	6483135.037	30014.51406	2224605.16	2228136.279	2007441.323	218929.3967
sample496	52	GR1	Guangdong	6	19	Resistant starch	58300258.99	29623500.23	4449818.789	143283.3616	3180354.988	1442207.293	397711.7606	21015785.76	74989.42287	4937250.038	16069.16204	2309942.044	445919.2467	2056852.742	68293.93869
sample511	53	GR1	Guangdong	6	25	Resistant starch	700670.6577	1623962.427	2739411.367	67958.02365	2917508.257	28994642.3	7334779.794	98421.96529	20298358.65	19644555.6	75461526.82	133572.6672	10660036.19	49210.98264	717074.3185
sample526	54	GR1	Guangdong	6	31	Resistant starch	178759542.8	7402709.572	494824.7655	835631.2266	7766454.929	1500859.223	2713343.748	8798705.268	399792.1947	13484794.11	593134.3216	2408584.124	2497062.724	455500.9431	14444950.77
sample407	55	GR2	Guangdong	7	0	Resistant starch	18285295.42	199475.95	2077505.079	2330174.616	60581.58482	2081937.878	1490898.026	12408881.69	437369.4904	4443142.086	82745.57926	1037274.94	2373025.005	10016647.89	305863.1233
sample422	56	GR2	Guangdong	7	1	Resistant starch	28709865.04	8537363.99	2696514.228	791561.82	152012.7371	2593802.919	1710485.663	17821096.82	67104.72177	3594895.809	136948.4118	431387.4971	1143519.238	3184050.574	83538.53118
sample437	57	GR2	Guangdong	7	3	Resistant starch	64804050.98	7421562.87	3204892.829	3007381.992	4362008.205	1511144.235	26261488.1	13192233.27	121115.136	11418362.36	411791.4623	406201.5329	5232173.874	16154895.83	14002773.03
sample452	58	GR2	Guangdong	7	5	Resistant starch	62325772.88	4264394.987	5957816.796	75699.31929	1017735.293	4169069.918	4903633.683	10569867.92	75699.31929	10491364.92	605594.5543	5343811.206	6818546.093	5792399.765	473821.6652
sample467	59	GR2	Guangdong	7	8	Resistant starch	36979415.53	6020414.969	4866636.147	160856.363	412377.2216	2526907.23	2389448.156	11868274.93	58493.22292	9857570.393	65804.87579	2121841.662	2431855.743	5087448.064	384592.9407
sample482	60	GR2	Guangdong	7	13	Resistant starch	88884896.69	4465178.129	2228154.045	124180.5598	191592.8637	498496.2472	1869804.429	4910454.136	39028.17594	6856540.909	33706.15195	2700040.172	3702354.69	301581.3595	1940764.749
sample497	61	GR2	Guangdong	7	19	Resistant starch	95477221.38	6848177.548	10481190.28	652501.4375	701902.1773	4275222.352	3373658.852	31807901.31	113210.0286	8112013.139	94684.75118	2677931.767	6979912.854	2239500.202	189369.5024
sample512	62	GR2	Guangdong	7	25	Resistant starch	546874.4967	1014596.106	2823119.661	98341.46652	921051.784	40802114.32	11568314.46	107935.7559	18972707.32	25192205.44	75950793.59	71957.17062	11246905.77	28782.86825	328604.4125
sample527	63	GR2	Guangdong	7	31	Resistant starch	154606506.8	8127128.08	1044389.155	1947644.64	7981651.836	883713.9002	2427499.116	11694552.99	301808.9241	8730745.928	714353.4967	1945473.353	1578525.812	670927.7522	6902522.085
sample408	64	GR3	Guangdong	8	0	Resistant starch	15048112.05	3898821.034	976464.6542	71255.52882	121398.3084	4000865.988	1555305.864	7630499.469	241916.9188	3298867.075	76533.71614	599074.2608	1534193.114	3592686.169	469758.6715
sample423	65	GR3	Guangdong	8	1	Resistant starch	37171467.84	12873091.86	2085374.469	532412.4837	281149.2118	3385966.295	864478.4819	8373597.587	46489.23974	1995716.649	87444.04619	284469.8718	938639.8882	4272582.51	109581.7794
sample438	66	GR3	Guangdong	8	3	Resistant starch	34183812.85	195799.9898	5200638.753	42980.48556	124165.8472	1208229.205	10014453.14	3357253.483	148043.8947	13061292	36070178.61	888263.3683	8624750.769	29398652.12	7168189.87
sample453	67	GR3	Guangdong	8	5	Resistant starch	50380002.14	8275034.956	5265317.032	285159.6237	2109640.628	1589325.675	4522009.956	45364706.58	58113.09866	5957268.347	2313712.207	2646173.19	1940707.202	404088.7558	227046.525
sample468	68	GR3	Guangdong	8	8	Resistant starch	18882291.32	3217681.83	3902456.87	127063.8131	134672.4247	2316822.221	4976792.823	11788782.76	49455.97516	4201475.305	42608.22475	574450.173	2475842.202	2510080.955	166628.5932
sample483	69	GR3	Guangdong	8	13	Resistant starch	41896239.81	4262434.246	9076633.778	119454.3405	170649.0579	1867659.133	3845292.104	17844203.15	56883.01929	7646973.893	140311.4476	4141083.804	4317421.164	2153970.331	822907.6791
sample498	70	GR3	Guangdong	8	19	Resistant starch	81769059.58	19797219.43	8941878.277	167195.785	2879482.963	3513175.63	1899013.854	18220212.27	72245.09227	3791835.271	26833.89141	6438069.794	1525403.52	2770083.252	55731.92832
sample513	71	GR3	Guangdong	8	25	Resistant starch	901361.939	1830642.168	4056128.725	83754.87043	5396206.652	53491443.92	14916343.59	87743.1976	21696499.77	26299029.32	63649713.2	107684.8334	9623833.446	55836.58029	3561576.157
sample528	72	GR3	Guangdong	8	31	Resistant starch	70682102.08	4763468.551	26479704.33	12189298.68	3979151.222	2719926.151	13542066.18	3367527.616	5008117.993	19471217.37	1467896.653	223062.7267	25860885.15	35977.85915	11397785.78
sample409	73	GR4	Guangdong	9	0	Resistant starch	14541306.61	4537817.253	239768.1006	1704824.903	118800.1077	265349.1457	1054459.35	966009.635	105359.2196	1212714.968	19510.9666	285293.6893	549342.1039	1063564.468	334287.8943
sample424	74	GR4	Guangdong	9	1	Resistant starch	30543541.57	16730080.85	622189.5677	525025.7174	134665.6872	568493.7557	1835033.067	601734.0202	31535.63562	2157207.939	116767.0832	143188.832	1548655.403	1431036.006	173872.1532
sample439	75	GR4	Guangdong	9	3	Resistant starch	38426277.28	7535449.658	5025190.338	910981.2047	275630.2107	1689597.619	2623937.316	21450882.21	46716.98486	2855965.008	283416.3748	914095.6704	2695570.026	5207386.579	147937.1187
sample454	76	GR4	Guangdong	9	5	Resistant starch	87716144.19	19864158.84	4310355.914	750499.5865	2574574.785	1025415.21	3933099.437	24766486.36	70233.91853	4739786.159	260868.8402	24678192.29	1252170.433	782606.5207	100334.1693
sample469	77	GR4	Guangdong	9	8	Resistant starch	67964000.32	14553653.64	5616076.442	448159.3148	774675.3871	1901475.95	1532704.857	10635460.77	53779.11778	2558349.46	139569.6152	5075724.354	1888671.398	2665907.696	194629.1882
sample484	78	GR4	Guangdong	9	13	Resistant starch	58902349.6	4417726.836	5114197.061	182216.0473	299644.1667	2223035.777	3148288.373	8900241.6	52640.19144	3107795.918	56689.43694	2194691.059	1816086.605	1706756.976	1684486.126
sample499	79	GR4	Guangdong	9	19	Resistant starch	86359757.91	26003370.22	6950032.439	105691.7375	5111636.761	3862552.59	1468474.596	9784492.673	67258.37844	2272372.357	24020.84944	11864698.23	725429.6531	2121841.701	108894.5175
sample514	80	GR4	Guangdong	9	25	Resistant starch	35007438.6	5408968.078	2905104.189	52876.62871	121305.207	889571.5184	11570650.52	1940883.313	385688.3506	14889436.57	961110.4866	49766.23879	16553495.18	10146091.93	9312507.433
sample529	81	GR4	Guangdong	9	31	Resistant starch	55214641.76	4503337.927	27917974.1	12843356.51	3147347.957	3333286.381	12693698.75	7247063.452	10326385.16	23473592.26	32022224.68	222219.0921	14339934.06	90701.67024	2353708.343
sample410	82	GR5	Guangdong	10	0	Resistant starch	17670270.75	5634964.617	739172.8436	10726195	330826.2505	956448.1699	468397.5626	15710425.48	231469.1918	605968.8747	27295.89526	173601.8938	301346.6837	2337620.47	26204.05945
sample425	83	GR5	Guangdong	10	1	Resistant starch	59408398.67	19983461.35	1551958.167	2115942.965	237993.585	1433961.348	2715926.793	6357828.627	95997.41242	4775871.268	291992.1294	449987.8707	3181914.233	3707900.055	739980.0541
sample440	84	GR5	Guangdong	10	3	Resistant starch	50837337.54	7831752.467	3224565.41	454666.8264	252937.5178	1536246.273	3043009.033	12604978.26	29483.51434	4163382.577	287076.3238	355353.936	3252497.161	5547555.987	142762.28
sample455	85	GR5	Guangdong	10	5	Resistant starch	41218975.87	4479380.052	2495325.249	105780.0921	1215114.904	596708.2116	28273119.99	6169149.215	31191.56561	7959273.85	6896048.309	3064910.36	3269689.769	1505332.079	1121540.207
sample470	86	GR5	Guangdong	10	8	Resistant starch	69078028.23	20747286.68	8114476.05	244957.5469	1452248.314	2177857.854	780158.9099	4733444.362	55578.60308	1733229.029	128654.1738	3506598.161	2180945.554	1772339.898	65870.93698
sample485	87	GR5	Guangdong	10	13	Resistant starch	49984105.16	2823566.858	3989595.394	62745.93018	156864.8255	1570391.197	7557398.702	4946470.829	55774.16016	9305570.035	50545.33265	2774764.468	13223704.79	2717247.365	5432751.788
sample500	88	GR5	Guangdong	10	19	Resistant starch	103195930.7	20534117.85	10447560.88	177807.8953	3623509.381	1654152.238	5280355.678	21490508.8	105068.3018	8550943.327	137397.01	9512722.397	7556835.549	1673010.651	845934.5321
sample515	89	GR5	Guangdong	10	25	Resistant starch	30521991.15	4326597.334	7070876.686	58098.06847	105943.5366	2190638.935	8629271.934	1192719.17	471619.6146	13512927.22	20218127.83	211887.0732	14302377.44	17197028.27	4887072.818
sample530	90	GR5	Guangdong	10	31	Resistant starch	60921230.43	4490529.685	14451183.37	36648097	3541276.788	1954854.139	8868362.679	8911707.56	4200118.981	15933578.3	2379633.974	169045.0364	11560079.8	82355.27415	5630500.059
sample271	91	HR1	Hunan	11	0	Resistant starch	10203637.06	2862643.908	12334471.11	16450594.91	6158650.076	290270.9476	1394935.878	7362252.428	8453834.724	1197878.699	222404.7824	232216.7581	599348.1819	15535.62818	77678.1409
sample286	92	HR1	Hunan	11	1	Resistant starch	48523086.46	33137315.8	8644517.167	4972308.027	13868988.62	198943.0072	4701137.304	1828501.652	7305136.538	1515514.883	1259549.995	253430.5824	506861.1648	26610.21115	34213.12863
sample301	93	HR1	Hunan	11	3	Resistant starch	34599544.09	28747220.82	6129777.655	2558473.189	12271832.05	212387.6496	15883649.77	4729001.307	10075522.77	2822423.158	471426.9216	2522870.635	1287830.314	8593.719925	39285.5768
sample316	94	HR1	Hunan	11	5	Resistant starch	35251357.3	20759054.48	13648295.86	205726.6961	9964557.154	420245.1314	17856022.22	2975124.529	8149942.193	2459928.614	648830.3493	1373269.655	1979899.657	0	26375.21745
sample331	95	HR1	Hunan	11	8	Resistant starch	49101831.73	10418986.11	33110587.17	502640.4564	6077173.301	1109902.908	40318132.9	9802626.095	14817658.7	10289345.81	3275123.336	2133378.951	10434906.85	0	2726995.055
sample346	96	HR1	Hunan	11	13	Resistant starch	33289198.34	6311111.365	38014328.51	2854766.146	1894062.596	771114.9935	49551885.94	4805340.716	11309686.57	10015380.08	9071083.233	740124.5564	7525207.312	0	3195660.954
sample361	97	HR1	Hunan	11	19	Resistant starch	33161762.41	13624232.29	17256570.19	37555408.68	4979268.093	504079.5449	11321033.54	2773920.084	3481855.327	1346930.196	524094.468	247592.0118	825059.6081	2223.880345	111194.0173
sample376	98	HR1	Hunan	11	25	Resistant starch	39939413.13	8774366.05	19011126.44	14773352.13	10635183.62	465330.1569	8303502.237	4747876.779	1778315.789	720884.4485	385343.6759	534249.3261	476397.4687	5030.596291	324473.4607
sample391	99	HR1	Hunan	11	31	Resistant starch	64862183.08	4821366.239	32612882.36	9851889.66	3793172.993	1740695.981	30206597.4	8157130.07	2580256.816	3975941.184	563942.4934	3101195.029	2946770.568	62551.68038	122171.2507
sample272	100	HR2	Hunan	12	0	Resistant starch	13303042.78	406941.4516	5413447.788	21121.52863	1971342.672	459041.2222	2695811.104	401309.044	7108098.435	3794834.644	2822540.276	111944.1017	1633398.214	11968.86622	535782.7762
sample287	101	HR2	Hunan	12	1	Resistant starch	32833943.67	16038824	5842627.513	290508.4236	5661668.356	290508.4236	8082301.393	1304042.002	8745277.321	2784985.781	2126067.234	251557.5735	1386001.082	20286.90109	68975.4637
sample302	102	HR2	Hunan	12	3	Resistant starch	65238958.4	12966292.68	17166473.03	168961.3487	6969158.689	457189.5318	33981108.89	10666430.55	28860586.14	11537078.45	274313.7191	763307.74	9761990.394	0	423397.262
sample317	103	HR2	Hunan	12	5	Resistant starch	73703692.15	9605347.813	21140721.22	53736.21154	5149720.273	403021.5866	41777665.46	3828705.072	17264996.97	5434074.392	125384.4936	241812.9519	2371110.334	0	591098.327
sample332	104	HR2	Hunan	12	8	Resistant starch	97543793.05	9969753.777	34016043.37	158250.0599	7117392.94	791250.2997	57371436.37	2277256.96	18291391.08	13393358.73	220006.1809	358957.4531	7430033.302	0	4488898.042
sample347	105	HR2	Hunan	12	13	Resistant starch	60191082.39	5790103.675	39015195.24	1140332.846	2657203.33	1041173.468	32458616.37	4309412.965	4612251.065	1628089.786	172858.9156	866974.561	742355.3428	0	25459.84028
sample362	106	HR2	Hunan	12	19	Resistant starch	48633309.95	15911802.49	18476406.09	23956037.93	6171744.769	521268.7859	17634804.53	4961275.167	3013069.481	1042537.572	165019.9136	190258.2533	461085.0527	8736.348367	21355.51823
sample377	107	HR2	Hunan	12	25	Resistant starch	71422172.7	2349931.638	49702228.42	44683238.63	4043650.738	1346962.579	24074020.42	10875168.64	4268835.251	1612210.595	428265.0252	570559.5336	827518.5487	0	75982.50447
sample392	108	HR2	Hunan	12	31	Resistant starch	61391914.54	2759167.685	12580139.78	5270339.782	2662050.532	770000.2841	20753588.74	2696735.229	1654460.07	1397793.309	112725.2668	147409.9643	912207.5438	39887.4021	15608.11387
sample273	109	HR3	Hunan	13	0	Resistant starch	17588971.95	6482160.213	12054686.3	5871940.537	9629266.49	427967.3995	609406.0499	2322089.274	8780654.327	504448.2656	440171.7931	966587.967	466207.8326	17086.15093	24408.78705
sample288	110	HR3	Hunan	13	1	Resistant starch	60718631.97	21030697.82	13108075.02	2171862.756	11836132.43	363709.0739	7425900.121	2254996.258	10684733.42	3776339.356	3938449.686	6654836.884	2560511.881	41566.75131	293045.5967
sample303	111	HR3	Hunan	13	3	Resistant starch	162697512.2	18689111.37	23052281.78	2038920.229	7650409.141	1212652.265	71582149.86	14385384.71	37081004.06	16026031.89	802490.4693	13291619.92	9665551.875	0	41610.61693
sample318	112	HR3	Hunan	13	5	Resistant starch	97826028.99	11036284.01	28861989.9	134306.4357	6761634.348	555750.7683	34099940.89	6210514.836	16380753.9	3644798.789	328819.2046	6173464.785	3403973.456	23156.28201	0
sample333	113	HR3	Hunan	13	8	Resistant starch	72102979.1	10556918.88	61641012.06	103583.8321	4885704.079	1074682.258	39784823.49	4644008.47	7924163.152	5839538.532	120847.8041	1035838.321	4294413.037	0	0
sample348	114	HR3	Hunan	13	13	Resistant starch	92118820.8	2668644.893	63386151.44	30179806.24	2518225.648	1426389.399	51321490.57	12977550.09	8573897.004	5039044.73	3594501.285	866207.3803	2925394.985	7780.305811	163386.422
sample363	115	HR3	Hunan	13	19	Resistant starch	58954784.8	9843769.294	28998143.65	61493605.04	2447762.983	760807.3883	31650785.47	5988213.113	6807728.473	4415079.096	1057941.612	3021663.359	2595131.973	9584.97497	258794.3242
sample378	116	HR3	Hunan	13	25	Resistant starch	61804739.91	6205142.754	30224258.02	19900213.17	5581168.154	812618.0833	34444737.38	7520065.971	7299051.712	3033923.009	457655.7887	3367676.864	2220188.692	11162.33631	2341858.158
sample393	117	HR3	Hunan	13	31	Resistant starch	93478774.52	4195842.178	21441409.13	15636068.12	3369785.749	1121076.582	32186698.71	4687542.433	2579787.339	2258543.172	324522.1684	5379200.792	1307922.679	68838.03573	75394.03913
sample274	118	HR4	Hunan	14	0	Resistant starch	30514405.43	6726087.531	9843594.446	3185342.922	5929751.8	673935.9793	9563402.244	6585991.43	16354376.39	4137996.407	104703.4016	485174.9173	2505508.159	22120.43696	36867.39493
sample289	119	HR4	Hunan	14	1	Resistant starch	41542115.98	24842366.28	7084568.802	1288207.516	10160235.81	250771.0631	14592814.74	1180570.621	4763505.126	5184892.118	93896.01451	269092.2367	3424914.383	18321.17356	16031.02687
sample304	120	HR4	Hunan	14	3	Resistant starch	117861834.1	22570638.61	23908534.27	3336271.473	11888642.51	812898.633	41855811.9	16774502	31224621.97	5177994.938	169353.8819	15754144.86	5177994.938	0	59273.85866
sample319	121	HR4	Hunan	14	5	Resistant starch	58256298.52	20068462.07	24834065.46	378055.8003	8558763.257	1073258.411	15256651.85	5656134.835	17285551.31	1846172.491	94513.95008	819120.9007	1604636.841	12601.86001	33604.96003
sample334	122	HR4	Hunan	14	8	Resistant starch	52015754.48	15266749.49	41342381.52	101632.1921	6062061.341	1271398.795	35533404.27	2530840.862	10175175.94	8485291.647	145473.5299	793129.6561	8570981.535	19927.88081	960523.8549
sample349	123	HR4	Hunan	14	13	Resistant starch	59810810.67	10335735.72	39106634.77	2176537.91	3495993.534	1180743.623	54337889.18	3327960.297	7765616.606	7052885.021	708220.6257	235697.6286	5025208.771	6766.439099	217653.791
sample364	124	HR4	Hunan	14	19	Resistant starch	74386303.49	22157693.48	29947167.91	52981135.45	7918239.895	757542.2751	18548915.93	4648934.933	6078733.267	1474949.86	277598.273	384624.1132	740819.4875	0	56857.4776
sample379	125	HR4	Hunan	14	25	Resistant starch	61362944.49	7261430.866	26378427.59	15606020.58	7656432.886	1348787.386	21836592.52	4225282.934	3512352.458	2089244.135	509236.0539	1021224.735	1270337.507	53676.23271	83955.13321
sample394	126	HR4	Hunan	14	31	Resistant starch	92333267.74	3455840.314	25222505.76	3578136.032	3244781.573	1406400.767	25352691.52	2570182.608	3077118.087	2562292.561	540468.1769	2294030.984	1749617.784	72982.929	90735.53335
sample275	127	HR5	Hunan	15	0	Resistant starch	35501228.18	3652327.073	33651274.09	1231399.487	4539239.223	677555.2047	10993142.87	6155094.191	20505561.17	8467536.814	2283893.948	85646.02307	9706549.281	60903.83863	163679.0663
sample290	128	HR5	Hunan	15	1	Resistant starch	72483346.45	27900222.18	14201148.05	1984882.939	12541442.53	395415.7363	22811846	4690359.03	7770439.502	10116919.73	5156013.088	460451.2192	9045134.967	59832.64431	41622.70908
sample305	129	HR5	Hunan	15	3	Resistant starch	33954296.27	20949046.92	9404661.205	3865006.33	11291219.36	187530.6322	21794810.07	14066672.72	14520496.85	3120509.72	538212.9144	4183808.404	2779203.969	24378.98219	45007.35173
sample320	130	HR5	Hunan	15	5	Resistant starch	42848850.85	13406315.39	14378140.44	121754.8459	7637349.423	201448.9268	28433077.1	5680416.991	16675986.44	1221975.908	230227.3449	1507546.364	2751659.517	0	22137.2447
sample335	131	HR5	Hunan	15	8	Resistant starch	52426913.4	4692758.682	35283679.34	2753329.508	5404004.92	821232.7694	62706987.89	29711028.41	16318335.07	7651396.383	4216150.379	1840441.296	6932817.709	18331.0886	857894.9466
sample350	132	HR5	Hunan	15	13	Resistant starch	40694827.45	4394528.135	18370677.98	2515359.474	2703810.954	483825.7861	39795339.18	1983418.416	5792544.08	4570950.797	2726532.054	247259.0344	1757543.947	5346.141283	748459.7797
sample365	133	HR5	Hunan	15	19	Resistant starch	59637936.05	18478897.49	29707078.15	5243020.517	11214273.45	836961.5582	7847462.828	7289909.886	10124453.41	595481.7129	426066.5334	2748571.643	452616.6735	8850.046688	59421.74205
sample380	134	HR5	Hunan	15	25	Resistant starch	85247351.25	4736692.098	29909051.93	47296145.83	7520514.46	2159952.567	48732619.14	10314822.03	14380460.9	8207295.494	456106.4887	5038141.789	4888727.594	94366.85972	519017.7285
sample395	135	HR5	Hunan	15	31	Resistant starch	49835446.87	2691975.738	15177261.53	19145611.36	3718323.379	965845.6141	13666897.67	4502662.912	3297724.95	1203480.082	88201.75042	1660525.516	548891.8849	29886.54353	39362.76465
sample6	136	SR1	Shanghai	16	0	Resistant starch	27626.57934	4780289.405	8911.799786	12476.5197	8002350.618	20032834.74	1169228.132	8020.619807	13636390.44	1571150.302	3415892.858	26735.39936	419745.7699	2227.949946	138132.8967
sample16	137	SR1	Shanghai	16	1	Resistant starch	18736.93659	23120811.96	17033.57871	13626.86297	4597362.895	17503137.7	1295687.554	6245.645529	12004698.49	1584690.606	4727953.665	27253.72594	412780.3909	3406.715743	65863.17103
sample26	138	SR1	Shanghai	16	3	Resistant starch	21431.29215	26096662.75	0	5173.07052	6274934.541	19877153.97	472966.4476	5173.07052	24824087.41	805520.981	4502788.383	335510.5737	315557.3017	4434.060446	81291.10817
sample41	139	SR1	Shanghai	16	5	Resistant starch	9706.924544	7088732.689	0	2677.772288	4422340.933	9916125.504	391958.9186	1673.60768	11242292.23	380913.108	702580.504	91044.25779	466601.8212	1673.60768	29790.2167
sample56	140	SR1	Shanghai	16	8	Resistant starch	5287601.109	6376857.695	0	16809.51522	4213136.896	12437024.12	3377367.799	0	17887341.34	638089.1979	440409.2989	246763.6835	372498.8574	3361.903045	55807.59054
sample71	141	SR1	Shanghai	16	13	Resistant starch	8239534.185	3769651.56	23192.36644	39248.62013	4758003.176	21990823.45	1445062.832	15164.23959	21150546.18	1273796.126	647602.2321	170374.6919	1354969.409	5352.084563	0
sample91	142	SR1	Shanghai	16	19	Resistant starch	6240763.783	3590356.529	6688.443608	14268.6797	3363841.239	16318018.82	909182.4345	5350.754887	13160627.54	751335.1653	99880.75789	74018.77593	1112511.12	5350.754887	37009.38797
sample106	143	SR1	Shanghai	16	25	Resistant starch	13757792.34	13203964.27	0	26372.76486	5680034.232	20812506.94	2152676.932	9889.786823	14076463.24	2895509.809	267024.2442	176917.2976	6114085.987	0	284606.0875
sample121	144	SR1	Shanghai	16	31	Resistant starch	17181045.87	3214320.605	5022.375946	17076.07822	1651859.449	10522882.08	2056662.95	7533.563919	668478.2384	2099855.383	653411.1106	99945.28132	4344355.193	0	47210.33389
sample7	145	SR2	Shanghai	17	0	Resistant starch	64388.95045	5834061.133	16888.90504	13722.23534	2709613.702	33034698.25	3442169.958	14777.79191	25823135.8	6179228.13	12926345.69	78111.18579	1924279.618	7388.895953	6481117.308
sample17	146	SR2	Shanghai	17	1	Resistant starch	54491.05003	26276531.99	26850.66233	8686.97899	2277567.946	29478078.61	3495324.455	20532.85943	28213728.31	3015171.435	7939109.071	333264.1031	1255663.327	4738.352176	132673.8609
sample27	147	SR2	Shanghai	17	3	Resistant starch	73296.84399	19199094.6	14035.56587	26511.62442	3413761.521	25937725.73	4358822.956	7797.536594	27966644.75	8597563.849	10766838.53	112284.527	2607496.237	0	3056634.345
sample42	148	SR2	Shanghai	17	5	Resistant starch	20670.82583	8966216.783	16241.36315	15749.20063	2753157.135	14618211.16	786967.8689	2952.975118	18613094.33	1051751.305	3129661.463	25100.2885	693949.1527	4429.462677	268720.7357
sample57	149	SR2	Shanghai	17	8	Resistant starch	7418933.464	4551271.217	30823.64906	12754.6134	3061107.217	18543082.12	457040.3137	0	19374257.76	854559.0981	1983342.384	222142.8501	508058.7673	0	102036.9072
sample72	150	SR2	Shanghai	17	13	Resistant starch	8335759.122	4681039.261	14989.20087	11462.33008	2617819.847	22611650.38	1520963.03	5290.306191	24615794.71	1269673.486	1945950.961	582815.3987	613675.5182	0	6172.023889
sample92	151	SR2	Shanghai	17	19	Resistant starch	4892596.768	7023104.001	15960.5636	11400.40257	1568239.378	18188658.28	3224489.864	6840.241544	14088617.5	2016047.191	1010987.7	88011.10786	619269.8678	3648.128823	11856.41868
sample107	152	SR2	Shanghai	17	25	Resistant starch	9146388.134	5670628.592	19807.5849	5659.309972	2866440.501	26716659.16	1637427.019	8488.964958	24365215.87	3087153.59	169779.2992	125448.0377	675344.3234	4716.091644	98094.70619
sample122	153	SR2	Shanghai	17	31	Resistant starch	18531484.36	1686181.596	0	9174.002157	1973633.664	15009890.73	546770.5285	6116.001438	83789.2197	1821345.228	40977.20963	1037885.444	607318.9428	5504.401294	13455.20316
sample8	154	SR3	Shanghai	18	0	Resistant starch	33005.12459	7829890.138	6908.049332	9210.732443	5344527.5	14928294.61	2269294.206	6140.488295	12453294.04	1472182.069	2261618.595	84047.93354	679675.2982	3070.244148	2440460.317
sample18	155	SR3	Shanghai	18	1	Resistant starch	0	23373710.29	4225.437233	0	4145153.926	26200527.8	3118372.678	8450.874466	31273869.44	1559186.339	3581762.295	84508.74466	622547.7523	0	129580.0751
sample28	156	SR3	Shanghai	18	3	Resistant starch	55504.69421	31915199.17	0	54271.25656	6976323.344	20561405.61	3872994.218	4933.750597	23704204.74	4561252.427	14887592.43	286157.5346	1244538.588	11100.93884	1507260.807
sample43	157	SR3	Shanghai	18	5	Resistant starch	35151.93961	8951066.852	18440.36176	15559.05524	4089150.221	13205027.81	1310994.469	5186.351746	17533902.73	1378993.303	3852306.824	223589.3864	610260.7221	4610.090441	2293519.994
sample58	158	SR3	Shanghai	18	8	Resistant starch	4039601.171	5848775.922	9504.222549	11956.92514	2241463.582	4492124.8	1449240.645	3679.05389	5556597.725	728759.258	1627061.583	308120.7633	380475.4898	1839.526945	149308.2704
sample73	159	SR3	Shanghai	18	13	Resistant starch	5498394.25	3608529.178	4234.652849	21778.21465	2722881.782	14842458.24	2992084.713	4234.652849	13674299	1764640.337	2676300.601	208707.8904	520257.3501	0	4839.603256
sample93	160	SR3	Shanghai	18	19	Resistant starch	11809648.13	10028822	7004.997905	15566.66201	3227747.368	16274166.8	3314142.342	9339.997207	18519657.79	1988641.072	1745022.811	341688.2311	796234.7619	0	12453.32961
sample108	161	SR3	Shanghai	18	25	Resistant starch	12759121.83	8218353.341	0	12072.49848	4002033.247	20250107.14	1637332.607	0	15499578.99	2547297.18	541753.3694	162978.7295	1166505.166	0	1002017.374
sample123	162	SR3	Shanghai	18	31	Resistant starch	23898759.89	1893493.455	0	20517.73094	2402040.072	11721486.58	2875413.436	0	274058.2633	5895916.541	461648.9462	221298.3837	4573988.447	2931.10442	152417.4298
sample9	163	SR4	Shanghai	19	0	Resistant starch	63474.28748	2965901.296	0	13042.66181	4257124.815	34685654.82	1885099.387	6956.086299	17445864.44	3366745.769	8882922.203	76516.94929	1199055.376	0	7687344.871
sample19	164	SR4	Shanghai	19	1	Resistant starch	29023.58525	19957983.03	0	15365.42748	2109331.74	31410348.32	2909187.604	23048.14122	20696377.19	3178082.584	10074598.62	492547.3143	1540810.923	0	1487885.561
sample29	165	SR4	Shanghai	19	3	Resistant starch	67165.74688	25442956.54	30010.22733	17148.70133	2135013.316	47090333.86	3239675.493	8574.350666	24668406.87	10417836.06	32345308.83	174345.1302	2300784.095	10003.40911	7383944.982
sample44	166	SR4	Shanghai	19	5	Resistant starch	81424.89092	7876911.395	0	7101.007929	3303388.888	15514755.52	1781879.59	4260.604757	13492388.47	1312739.666	1761996.767	240014.068	501331.1598	2840.403171	107935.3205
sample59	167	SR4	Shanghai	19	8	Resistant starch	6733910.121	3309763.313	5351.274557	7358.002516	1476951.778	24969047.08	7169370.088	10702.54911	21219810.35	4108441.041	2039504.516	210706.4357	2021443.964	5351.274557	372582.491
sample74	168	SR4	Shanghai	19	13	Resistant starch	2705472.834	1812796.988	3166.764925	2814.902156	1146720.766	8042175.459	1486620.201	2814.902156	7022125.29	608018.8656	699151.3229	319491.3947	256507.9589	0	0
sample94	169	SR4	Shanghai	19	19	Resistant starch	9258013.91	11670051.11	0	16188.1691	3067658.045	40206555.6	8450224.272	0	33074048.29	5573586.622	3546827.85	176451.0432	1843832.461	9712.901462	208827.3814
sample109	170	SR4	Shanghai	19	25	Resistant starch	11206572.42	10808698.43	22880.93281	19067.44401	4677879.596	40124258	5060499.639	7626.977603	26315615.06	3536375.282	1225401.068	694054.9618	1165656.41	11440.4664	116946.9899
sample124	171	SR4	Shanghai	19	31	Resistant starch	33600959.18	4023341.954	35727.75292	23818.50195	5064408.976	32151007.88	3290923.019	0	2077171.857	4449097.676	530954.1059	1369563.862	3027927.06	9924.375811	31758.0026
sample10	172	SR5	Shanghai	20	0	Resistant starch	89969.1362	5492560.229	0	11107.30077	4650626.831	28235869.28	1487267.573	13328.76092	14852682.58	5594747.396	18275952.68	76640.37528	2278107.387	0	4108590.553
sample20	173	SR5	Shanghai	20	1	Resistant starch	25541.3943	15829897.05	0	6179.369588	2413249.803	10862507.82	279719.4633	4531.537698	9059367.774	608461.9254	3025007.392	76624.18289	392595.9478	1235.873918	50670.83062
sample30	174	SR5	Shanghai	20	3	Resistant starch	100688.1195	26519211.41	42059.59421	38235.99473	4030073.845	26209499.86	2285237.952	0	30595168.45	8048676.891	32366769.54	77746.52262	2756815.22	0	156767.5784
sample45	175	SR5	Shanghai	20	5	Resistant starch	32405.41754	6212118.542	4050.677192	7291.218946	6349436.498	11677292.21	172963.9161	6076.015788	16992185.75	599095.1567	2266353.889	286787.9452	358079.8638	4050.677192	137317.9568
sample60	176	SR5	Shanghai	20	8	Resistant starch	5266703.648	5246944.745	0	6373.839584	2146709.172	11795427.53	233282.5288	0	12703062.29	523929.6138	1383123.19	133850.6313	268976.0304	0	52902.86855
sample75	177	SR5	Shanghai	20	13	Resistant starch	4830185.509	4380160.792	5585.41316	14362.49098	3708714.338	7820775.299	940344.2013	8378.11974	13320013.51	810283.8663	1758607.229	268498.7898	592452.7531	2393.748497	5984.371243
sample95	178	SR5	Shanghai	20	19	Resistant starch	13611722.84	12894486.72	7881.715599	0	4504963.445	21047558.53	2850929.128	15763.4312	24773358.09	2639248.766	1007733.637	1009985.556	1006607.678	0	106966.1403
sample110	179	SR5	Shanghai	20	25	Resistant starch	13260601.25	7674399.475	0	28071.36569	2411018.409	19980574.29	4226300.057	12476.16253	26653761.72	6035343.623	3697622.669	502165.5418	2627791.733	14035.68284	4779929.769
sample125	180	SR5	Shanghai	20	31	Resistant starch	21078063.11	3900786.428	0	10731.18687	1747171.363	6231466.077	1750524.858	0	282364.3546	2249525.048	1814241.28	903431.7948	1035559.533	0	14755.38195
