SampleID	Subject	Time	Acetate	Propionate	Butyrate	Iso-butyrate	Iso-valerate	Valerate	Muribaculaceae	Faecalibaculum	Bacteroides-acidifaciens	Akkermansia-muciniphila	Parasutterella	Bacteroides	Lachnospiraceae-NK4A136-group	Alloprevotella	Parabacteroides-goldsteinii	Lachnospiraceae
sample136	BR1	0	22.40591026	4.444320871	3.492211248	0.363461631	0.168020139	0.509783981	50887515.17	44782260.91	3308637.152	3581541.238	6630269.737	1044832.785	8228707.953	1413903.072	168940.6244	5208569.406
sample151	BR1	1	8.744313686	3.642003836	2.2939949	0.163387076	0.021048158	0.212327994	25795190.23	41825191.86	443306.1897	190522.0422	1434518.906	1217846.78	1241506.38	266481.8107	52300.16845	2809266.191
sample166	BR1	3	11.81975427	4.617365984	5.423926585	0.309442028	0.191181629	0.188056139	36003546.25	33338574.75	1062707.514	42836.40922	2258481.32	1343422.706	787460.7994	890450.4641	31899.45368	1191216.742
sample181	BR1	5	15.92246417	5.516580221	5.514435515	0.332591739	0.129683951	0.46289296	49205857.17	28046823.25	1611617.144	20613.70766	2578587.431	817052.4128	1227452.593	482548.1566	43101.38875	1462636.257
sample196	BR1	8	11.1107128	3.144938926	3.256488415	0.031447907	0.001860721	0.17570739	92442917.87	21320179.83	2342460.229	29491.40576	3768580.35	535058.3616	391814.3908	389707.8618	75835.04337	891061.7596
sample211	BR1	13	14.63816872	4.114535602	1.402177164	0.16302837	0.083511416	0.037482783	60718256.87	3864558.816	8513880.922	44843.6166	4793462.303	2174915.405	33443728.63	257850.7954	270663.2573	3177490.547
sample226	BR1	19	19.62622722	6.161612487	3.554687742	0.302767427	0.132528121	0.321407326	90553004.85	13274066.28	6374083.118	130929.4718	3676935.999	1983581.498	4410141.041	290226.9958	242219.5228	2930638.01
sample241	BR1	25	24.66172185	4.343514416	3.892198656	0.057636838	0.023343276	0.230635373	137618086.7	23512127.69	3797077.566	224329.8313	5218620.287	991773.9912	22784826.76	108622.8657	250304.8644	2418039.445
sample256	BR1	31	31.11719071	5.008657996	2.737774635	0.023632051	0.00116055	0.202061696	68706990.01	14749313.72	5473327.883	143357.8156	8913915.458	424559.6847	5543168.87	69840.98709	494400.6718	5791288.166
sample137	BR2	0	12.84876461	2.011737905	0.846364701	0.061972196	0.015822445	0.0501367	20296404.34	11388335.44	805076.5814	1197268.111	1729387.271	893763.1081	1285954.637	6344042.878	53211.91603	1707708.342
sample167	BR2	3	9.083973034	4.167519044	6.046348137	0.38811466	0.198527737	0.422774442	14760865.93	27722903.02	389270.3699	35215.16794	1744578.455	130391.2975	2795322.925	1156389.974	19035.22591	1332465.814
sample197	BR2	8	10.9533674	3.527356408	4.340200757	0.043037224	-0.005025364	0.296225518	62497360.48	22631484.81	952334.6644	63701.31534	1724713.113	404503.3524	5209175.062	2076662.88	47775.98651	3269470.01
sample212	BR2	13	10.78883675	3.422226465	1.100842587	-0.146359651	-0.133341207	-0.069271544	78106903.49	1495994.923	15098622.92	33617.86345	1659882.008	953906.8754	1651477.542	275246.257	386605.4297	4179120.65
sample227	BR2	19	10.71774856	1.971979508	1.968144879	-0.05805494	-0.054732121	0.037060232	75138545.57	9524517.89	3224981.803	4093777.472	8634232.576	4218110.421	3462902.878	282435.3412	142752.6453	1310868.377
sample242	BR2	25	13.94864143	2.300123521	2.673115383	-0.205514123	-0.172343973	-0.068834222	81721511.8	25242470.62	1315778.035	1561389.935	8847876.3	298243.0214	1482443.253	204676.5833	181284.9738	3336228.308
sample138	BR3	0	22.30705331	3.581340273	2.125602197	0.206319323	0.097680299	0.09860697	27260533.39	13740443.41	2212911.129	4444575.742	4446919.927	1529581.05	1223664.84	4711812.891	48055.80312	1992557.69
sample153	BR3	1	3.320544613	1.340709185	1.281309944	-0.048172727	-0.068832216	0.07287843	45138361.04	37210264.08	995992.0793	982712.1849	429383.252	677274.6139	8853262.927	1084524.709	157145.417	6668720.3
sample168	BR3	3	7.331557343	1.466855917	2.236514418	-0.180547096	-0.162359039	-0.153669021	42698698.79	28627205.52	784614.0901	154681.0635	838416.1992	546988.1086	3521796.387	295911.5997	73977.89993	12739891.07
sample183	BR3	5	30.6866147	8.167923468	7.620350501	0.571904619	0.231814009	0.973282232	56800845.5	32301461.95	1066355.496	18754.99615	2033577.44	431364.9116	350986.3566	827899.116	64302.84396	1473606.841
sample198	BR3	8	16.84204061	4.522269466	4.47549199	0.2434056	0.147419681	0.298711499	41799762.81	25592599.61	449248.1877	13691.37334	2808442.956	280673.1535	412452.6218	1025997.29	86426.7942	1003748.808
sample213	BR3	13	27.61996647	6.865774032	5.497679407	0.558901009	0.242889681	0.511620574	44672924.88	15319893.75	856604.167	17576.11142	6716849.737	289543.3092	673442.5849	1542997.571	144309.1253	2308020.947
sample228	BR3	19	12.31379232	3.952262824	2.246628851	0.134644581	0.049451011	0.152272172	120432737.7	5338035.461	4929856.06	75295.22921	4418641.083	495363.3501	2361892.453	435919.7481	261551.8488	10133152.69
sample243	BR3	25	11.56451554	2.62978939	3.143692275	-0.007397971	-0.02179061	0.091024351	115959361.3	25174557.44	2068744.962	107574.738	5949710.51	339274.1737	16332741.47	136537.1675	146880.8923	2887967.966
sample258	BR3	31	27.8255991	6.934770324	5.794275316	0.399651849	0.13748996	0.504041831	57200254.6	6329988.331	2478816.569	110278.5423	4973562.26	377397.6783	8746313.725	58815.22259	465620.5121	6355719.991
sample139	BR4	0	21.64367604	3.95883073	2.736516544	0.369261023	0.171035502	0.170434397	26717362.66	21549231.35	1445712.244	2816375.717	7440744.565	357505.057	1692008.667	523294.6159	35477.60108	1666764.989
sample154	BR4	1	6.417581521	1.586978274	2.607055974	0.04320948	-0.00546156	0.222731984	39232277.56	43480094.41	633025.1207	613379.5135	1073959.86	1124165.3	5149331.93	209553.1434	69851.0478	5077298.037
sample169	BR4	3	13.05466054	5.506801981	5.069679807	0.423053333	0.150613577	0.441164318	31246619.5	38016248.25	732770.5269	66100.43413	2887644.679	679890.1796	503307.5913	358830.9281	41548.84431	1339950.229
sample184	BR4	5	14.33338212	5.373208117	5.991956167	0.266121394	0.090550554	0.505282755	76050395.15	29896697.89	1305192.952	65691.83069	1728732.387	447741.6881	914499.4325	1175538.023	32845.91535	1574875.204
sample199	BR4	8	16.30720656	6.054033	4.591342841	0.185927276	0.077150171	0.43270393	98774610	33982492.1	1605790.156	62279.07314	2853054.837	496549.3669	934186.0971	84160.90965	136340.6736	2114122.05
sample214	BR4	13	21.95051469	5.690568878	2.696572257	0.26044521	0.115384024	0.200409373	79944804.13	20845660.89	8607322.715	47426.45227	9639137.238	810876.6595	168884.4398	390979.0455	151533.2987	439562.2405
sample229	BR4	19	9.031134316	3.297915254	2.569668988	0.023075995	-0.010479988	0.185264502	83176757.64	12667593.6	2983464.586	217620.8767	5902231.074	492587.7952	9157721.756	341135.4283	176449.3595	1070459.447
sample244	BR4	25	8.647450184	2.500843693	3.652848868	-0.106345977	-0.105294382	0.106168505	121336277.7	14803965.87	13093093.09	129790.349	4210320.262	987193.2608	5579018.488	145522.5125	247781.5754	3645928.895
sample259	BR4	31	24.41336385	3.984207847	4.562419337	-0.004702752	0.009347406	0.134008532	84689141.15	3969967.942	3001683.078	195761.9399	5971791.65	496772.2345	9087142.951	84198.68382	850406.7066	8329354.797
sample140	BR5	0	7.491249574	1.564889834	0.597219276	0.074266814	0.04113937	-0.014783836	44766611.49	21104657.98	2521812.74	2770192.287	7735248.727	909880.1747	2392553.997	7910128.204	86172.49565	2978020.07
sample155	BR5	1	8.247479165	3.50920367	6.580089454	0.289613685	0.099137265	0.562962691	30537413.12	44664102.29	594113.0958	1746692.502	3043179.302	400036.1512	1345336.099	231043.9817	29045.52913	1036397.289
sample170	BR5	3	7.032478454	3.991422526	4.472896784	0.192716169	0.063229342	0.261721266	48801872.28	38188304.08	1135566.45	172143.1943	1921060.185	407935.973	3468902.352	766688.1762	63649.58444	3087004.845
sample185	BR5	5	12.56116739	3.586553945	5.127487166	0.148398002	0.035535495	0.465987921	47456936.02	28971108.03	782251.0732	25592.85161	802280.2614	180262.694	5384513.433	1013699.47	67876.69341	3913480.831
sample200	BR5	8	6.155864963	2.885385682	3.889499337	0.051194141	0.011772309	0.299322098	62516902.82	24483588.85	4784825.434	15120.58599	2790588.148	898834.834	1806069.994	1821190.58	60482.34397	1276849.484
sample215	BR5	13	17.55428269	3.529204177	2.502655868	-0.002409006	-0.019699559	0.139121059	102770935.5	8372744.354	10805791.84	60769.9187	10913827.25	1444973.622	7080820.897	1224401.325	202566.3957	4510478.41
sample230	BR5	19	21.34671496	3.259007161	3.337478859	0.038915705	-0.006233414	0.133094611	81343242.5	14178172.3	1502799.841	208855.5689	5922375.73	933848.4633	2950384.991	264070.2596	232861.9562	4551611.019
sample245	BR5	25	23.86955804	3.878753875	4.017041584	0.064005198	0.037993079	0.150614415	89120442.94	26382821.01	2855241.617	541913.2049	8610398.7	862399.5089	3521464.661	118482.8154	217542.2185	6232973.027
sample260	BR5	31	40.23399822	3.684544274	3.445648009	0.038453123	-0.003690069	0.205165491	62107734.81	7489202.31	3994301.328	2789069.806	14551119.85	548979.8034	3206438.688	63101.12683	405650.1011	2186003.322
sample406	GR1	0	8.483425545	1.850868897	1.263977011	0.173707579	0.142854465	0.275251088	16252531.14	1118374.939	429802.4839	2892004.31	43313.42861	453125.0993	2295611.717	13888062.17	222120.1467	2764285.226
sample421	GR1	1	11.75706901	2.351705592	2.294240066	0.216884426	0.132916653	0.387457661	46636401.39	7450383.049	1250810.804	2390387.98	170255.5541	1595862.061	4324491.075	14228824.18	43131.40705	4778505.886
sample436	GR1	3	17.05610022	3.118841413	8.263380275	0.292581796	0.225905431	0.567995614	44970186.55	19838320.45	10886508.67	1159282.658	5642865.918	3289752.443	35262153.96	9827031.803	95967.10745	22943816.05
sample451	GR1	5	5.412792325	1.784420931	4.493398457	0.061439869	0.038050932	0.30316899	32498855.78	4428083.902	5254659.564	187619.555	1308088.785	1999525.886	3483426.003	8774822.263	38048.72094	2000837.911
sample466	GR1	8	30.99969022	5.694652604	11.13124369	0.308640807	0.176406255	0.972746571	51437313.95	11119578.89	5118083.981	236526.1528	585615.9566	2680154.779	1746873.875	8037614.626	74092.52979	3101912.257
sample481	GR1	13	8.359402062	3.297538256	4.138358451	0.146624137	0.059996665	0.379863289	76401062.76	8914310.676	4122581.784	203039.3598	278958.4248	1521912.419	1345356.454	14938400.2	44138.99127	6483135.037
sample496	GR1	19	10.56140898	2.131388823	3.679549848	0.083392125	0.039208893	0.397413864	58300258.99	29623500.23	4449818.789	143283.3616	3180354.988	1442207.293	397711.7606	21015785.76	74989.42287	4937250.038
sample511	GR1	25	15.27069714	4.144967401	6.00708023	0.171082727	0.091706399	0.422054595	700670.6577	1623962.427	2739411.367	67958.02365	2917508.257	28994642.3	7334779.794	98421.96529	20298358.65	19644555.6
sample526	GR1	31	7.522075139	3.341534053	4.002660568	0.063958083	0.036183952	0.17421903	178759542.8	7402709.572	494824.7655	835631.2266	7766454.929	1500859.223	2713343.748	8798705.268	399792.1947	13484794.11
sample407	GR2	0	11.94564562	2.772970747	0.956402039	0.301914384	0.207108695	0.13493194	18285295.42	199475.95	2077505.079	2330174.616	60581.58482	2081937.878	1490898.026	12408881.69	437369.4904	4443142.086
sample422	GR2	1	9.073495097	2.238592384	5.434330232	0.229727457	0.128963639	0.467387959	28709865.04	8537363.99	2696514.228	791561.82	152012.7371	2593802.919	1710485.663	17821096.82	67104.72177	3594895.809
sample437	GR2	3	3.238248013	0.849379424	0.46832392	0.086443702	0.070850202	0.111301827	64804050.98	7421562.87	3204892.829	3007381.992	4362008.205	1511144.235	26261488.1	13192233.27	121115.136	11418362.36
sample452	GR2	5	17.61325919	5.49756207	6.708674024	0.430837339	0.224178462	0.71924513	62325772.88	4264394.987	5957816.796	75699.31929	1017735.293	4169069.918	4903633.683	10569867.92	75699.31929	10491364.92
sample467	GR2	8	12.99769044	2.274561634	5.765373036	0.170064316	0.125531641	0.411191446	36979415.53	6020414.969	4866636.147	160856.363	412377.2216	2526907.23	2389448.156	11868274.93	58493.22292	9857570.393
sample482	GR2	13	12.80585601	4.283685611	8.567035464	0.191427163	0.092430295	0.618777644	88884896.69	4465178.129	2228154.045	124180.5598	191592.8637	498496.2472	1869804.429	4910454.136	39028.17594	6856540.909
sample497	GR2	19	7.277873981	2.856884897	2.75377155	0.059686011	0.028935951	0.220191921	95477221.38	6848177.548	10481190.28	652501.4375	701902.1773	4275222.352	3373658.852	31807901.31	113210.0286	8112013.139
sample512	GR2	25	9.663620142	4.22088915	2.260756847	0.094906637	0.049763955	0.287256114	546874.4967	1014596.106	2823119.661	98341.46652	921051.784	40802114.32	11568314.46	107935.7559	18972707.32	25192205.44
sample527	GR2	31	4.659531583	1.696119656	5.432363402	0.070357822	0.033549006	0.364241242	154606506.8	8127128.08	1044389.155	1947644.64	7981651.836	883713.9002	2427499.116	11694552.99	301808.9241	8730745.928
sample408	GR3	0	11.20847523	1.765663751	1.813451696	0.175387052	0.157120018	0.384505596	15048112.05	3898821.034	976464.6542	71255.52882	121398.3084	4000865.988	1555305.864	7630499.469	241916.9188	3298867.075
sample423	GR3	1	6.159365903	1.795632765	2.440222519	0.126236181	0.079373664	0.31065814	37171467.84	12873091.86	2085374.469	532412.4837	281149.2118	3385966.295	864478.4819	8373597.587	46489.23974	1995716.649
sample438	GR3	3	11.84068009	3.170945059	3.681080882	0.170236723	0.094054783	0.420275909	34183812.85	195799.9898	5200638.753	42980.48556	124165.8472	1208229.205	10014453.14	3357253.483	148043.8947	13061292
sample453	GR3	5	6.286906528	2.199466043	4.70813263	0.102155048	0.068353862	0.272699805	50380002.14	8275034.956	5265317.032	285159.6237	2109640.628	1589325.675	4522009.956	45364706.58	58113.09866	5957268.347
sample468	GR3	8	24.30005707	4.363996263	11.0655773	0.410904563	0.28285733	0.772945173	18882291.32	3217681.83	3902456.87	127063.8131	134672.4247	2316822.221	4976792.823	11788782.76	49455.97516	4201475.305
sample483	GR3	13	7.006365536	1.986061958	3.956191668	0.120068524	0.072159916	0.301999966	41896239.81	4262434.246	9076633.778	119454.3405	170649.0579	1867659.133	3845292.104	17844203.15	56883.01929	7646973.893
sample498	GR3	19	7.61259868	2.600463242	4.793256833	0.078955643	0.041800925	0.371252925	81769059.58	19797219.43	8941878.277	167195.785	2879482.963	3513175.63	1899013.854	18220212.27	72245.09227	3791835.271
sample513	GR3	25	13.5777013	3.231480459	2.87003626	0.115448638	0.072302868	0.31500545	901361.939	1830642.168	4056128.725	83754.87043	5396206.652	53491443.92	14916343.59	87743.1976	21696499.77	26299029.32
sample528	GR3	31	8.537501147	2.290117218	5.519416959	0.082857408	0.033034707	0.305670324	70682102.08	4763468.551	26479704.33	12189298.68	3979151.222	2719926.151	13542066.18	3367527.616	5008117.993	19471217.37
sample409	GR4	0	11.8740952	2.79910403	2.632026415	0.309938372	0.193242231	0.382753138	14541306.61	4537817.253	239768.1006	1704824.903	118800.1077	265349.1457	1054459.35	966009.635	105359.2196	1212714.968
sample424	GR4	1	17.34146121	5.826852335	5.830174562	0.751459159	0.352546828	0.878619945	30543541.57	16730080.85	622189.5677	525025.7174	134665.6872	568493.7557	1835033.067	601734.0202	31535.63562	2157207.939
sample439	GR4	3	18.63669107	3.46101754	6.614440889	0.355248943	0.237371931	0.609856443	38426277.28	7535449.658	5025190.338	910981.2047	275630.2107	1689597.619	2623937.316	21450882.21	46716.98486	2855965.008
sample454	GR4	5	17.37449035	5.591421024	8.566427209	0.420648437	0.237940794	0.737625607	87716144.19	19864158.84	4310355.914	750499.5865	2574574.785	1025415.21	3933099.437	24766486.36	70233.91853	4739786.159
sample469	GR4	8	21.77396653	6.287829869	8.099599459	0.31500802	0.139760411	0.642666747	67964000.32	14553653.64	5616076.442	448159.3148	774675.3871	1901475.95	1532704.857	10635460.77	53779.11778	2558349.46
sample484	GR4	13	9.331448327	2.865769773	4.755023823	0.123189411	0.0605635	0.366701441	58902349.6	4417726.836	5114197.061	182216.0473	299644.1667	2223035.777	3148288.373	8900241.6	52640.19144	3107795.918
sample499	GR4	19	8.982481979	2.928094129	5.710240249	0.081060142	0.030460209	0.334766093	86359757.91	26003370.22	6950032.439	105691.7375	5111636.761	3862552.59	1468474.596	9784492.673	67258.37844	2272372.357
sample514	GR4	25	6.898100834	2.645370542	2.230843904	0.105743024	0.058699215	0.257059104	35007438.6	5408968.078	2905104.189	52876.62871	121305.207	889571.5184	11570650.52	1940883.313	385688.3506	14889436.57
sample529	GR4	31	11.84088073	3.077093552	6.183222779	0.102491567	0.048769281	0.417491863	55214641.76	4503337.927	27917974.1	12843356.51	3147347.957	3333286.381	12693698.75	7247063.452	10326385.16	23473592.26
sample410	GR5	0	11.6569577	2.622625986	1.719325905	0.313194586	0.20886991	0.236030843	17670270.75	5634964.617	739172.8436	10726195	330826.2505	956448.1699	468397.5626	15710425.48	231469.1918	605968.8747
sample425	GR5	1	8.88551841	1.938165919	4.713782327	0.212662691	0.126575218	0.4606501	59408398.67	19983461.35	1551958.167	2115942.965	237993.585	1433961.348	2715926.793	6357828.627	95997.41242	4775871.268
sample440	GR5	3	11.38677627	3.992864736	5.095094124	0.331251587	0.176521794	0.48963921	50837337.54	7831752.467	3224565.41	454666.8264	252937.5178	1536246.273	3043009.033	12604978.26	29483.51434	4163382.577
sample455	GR5	5	32.17886232	7.949711395	10.28920676	0.746621803	0.403560854	0.924199379	41218975.87	4479380.052	2495325.249	105780.0921	1215114.904	596708.2116	28273119.99	6169149.215	31191.56561	7959273.85
sample470	GR5	8	6.87656191	3.135989592	5.033642978	0.203592996	0.101790397	0.278065748	69078028.23	20747286.68	8114476.05	244957.5469	1452248.314	2177857.854	780158.9099	4733444.362	55578.60308	1733229.029
sample485	GR5	13	4.150618174	1.345475631	2.816492007	0.067460386	0.032589343	0.199592546	49984105.16	2823566.858	3989595.394	62745.93018	156864.8255	1570391.197	7557398.702	4946470.829	55774.16016	9305570.035
sample500	GR5	19	5.983800491	1.628951893	6.258213365	0.053284967	0.027450217	0.275793861	103195930.7	20534117.85	10447560.88	177807.8953	3623509.381	1654152.238	5280355.678	21490508.8	105068.3018	8550943.327
sample515	GR5	25	7.845025719	3.275226133	1.914895279	0.171414858	0.082008598	0.181571065	30521991.15	4326597.334	7070876.686	58098.06847	105943.5366	2190638.935	8629271.934	1192719.17	471619.6146	13512927.22
sample530	GR5	31	10.66530648	2.093828179	5.6100901	0.078168432	0.036856502	0.224202132	60921230.43	4490529.685	14451183.37	36648097	3541276.788	1954854.139	8868362.679	8911707.56	4200118.981	15933578.3
sample271	HR1	0	8.130509842	2.944186378	1.906462139	0.312218207	0.253374278	0.413988912	10203637.06	2862643.908	12334471.11	16450594.91	6158650.076	290270.9476	1394935.878	7362252.428	8453834.724	1197878.699
sample286	HR1	1	21.85421104	6.94495491	6.026474685	0.56943774	0.288958649	0.629717091	48523086.46	33137315.8	8644517.167	4972308.027	13868988.62	198943.0072	4701137.304	1828501.652	7305136.538	1515514.883
sample301	HR1	3	14.16591916	5.61539922	7.450609993	0.586661016	0.277241631	0.83156787	34599544.09	28747220.82	6129777.655	2558473.189	12271832.05	212387.6496	15883649.77	4729001.307	10075522.77	2822423.158
sample316	HR1	5	21.69897433	5.533053291	5.592539833	0.3885762	0.182948542	0.478944903	35251357.3	20759054.48	13648295.86	205726.6961	9964557.154	420245.1314	17856022.22	2975124.529	8149942.193	2459928.614
sample331	HR1	8	4.070979712	1.016620073	1.413940134	0.058092344	0.034143056	0.108079851	49101831.73	10418986.11	33110587.17	502640.4564	6077173.301	1109902.908	40318132.9	9802626.095	14817658.7	10289345.81
sample346	HR1	13	15.97612105	4.283084557	4.579668622	0.432816034	0.252388042	0.583972534	33289198.34	6311111.365	38014328.51	2854766.146	1894062.596	771114.9935	49551885.94	4805340.716	11309686.57	10015380.08
sample361	HR1	19	6.458008351	2.256890401	2.994737798	0.124677899	0.058765132	0.271612708	33161762.41	13624232.29	17256570.19	37555408.68	4979268.093	504079.5449	11321033.54	2773920.084	3481855.327	1346930.196
sample376	HR1	25	5.949535702	2.206644538	4.092431335	0.106209835	0.054411125	0.25241185	39939413.13	8774366.05	19011126.44	14773352.13	10635183.62	465330.1569	8303502.237	4747876.779	1778315.789	720884.4485
sample391	HR1	31	14.51189532	3.711655259	4.741398543	0.242943067	0.127053456	0.408561351	64862183.08	4821366.239	32612882.36	9851889.66	3793172.993	1740695.981	30206597.4	8157130.07	2580256.816	3975941.184
sample272	HR2	0	9.928113841	2.855362053	2.719758878	0.334549874	0.266550079	0.350529694	13303042.78	406941.4516	5413447.788	21121.52863	1971342.672	459041.2222	2695811.104	401309.044	7108098.435	3794834.644
sample287	HR2	1	6.789843681	4.100536388	3.118183608	0.194445664	0.083441275	0.448235699	32833943.67	16038824	5842627.513	290508.4236	5661668.356	290508.4236	8082301.393	1304042.002	8745277.321	2784985.781
sample302	HR2	3	9.496263407	4.399968393	3.411899984	0.206081909	0.084354092	0.319569507	65238958.4	12966292.68	17166473.03	168961.3487	6969158.689	457189.5318	33981108.89	10666430.55	28860586.14	11537078.45
sample317	HR2	5	6.161316796	1.565268076	1.17139662	0.047845528	0.026816537	0.078119991	73703692.15	9605347.813	21140721.22	53736.21154	5149720.273	403021.5866	41777665.46	3828705.072	17264996.97	5434074.392
sample332	HR2	8	9.955973048	3.333929973	2.861713463	0.120586281	0.051339524	0.275424883	97543793.05	9969753.777	34016043.37	158250.0599	7117392.94	791250.2997	57371436.37	2277256.96	18291391.08	13393358.73
sample347	HR2	13	5.533803174	4.049579241	1.322731847	0.075107473	0.025842045	0.163280291	60191082.39	5790103.675	39015195.24	1140332.846	2657203.33	1041173.468	32458616.37	4309412.965	4612251.065	1628089.786
sample362	HR2	19	6.654694999	2.562690031	3.514872716	0.069362861	0.023509089	0.246042548	48633309.95	15911802.49	18476406.09	23956037.93	6171744.769	521268.7859	17634804.53	4961275.167	3013069.481	1042537.572
sample377	HR2	25	8.069135723	2.415919055	2.408341867	0.036618129	0.011886219	0.143825531	71422172.7	2349931.638	49702228.42	44683238.63	4043650.738	1346962.579	24074020.42	10875168.64	4268835.251	1612210.595
sample392	HR2	31	12.26117937	4.263127228	2.876885052	0.236983055	0.130408808	0.300653367	61391914.54	2759167.685	12580139.78	5270339.782	2662050.532	770000.2841	20753588.74	2696735.229	1654460.07	1397793.309
sample273	HR3	0	4.923851286	2.022831745	1.122849663	0.202110026	0.132247211	0.123277898	17588971.95	6482160.213	12054686.3	5871940.537	9629266.49	427967.3995	609406.0499	2322089.274	8780654.327	504448.2656
sample288	HR3	1	8.605675131	3.699231069	4.804980218	0.280003077	0.148351673	0.520394862	60718631.97	21030697.82	13108075.02	2171862.756	11836132.43	363709.0739	7425900.121	2254996.258	10684733.42	3776339.356
sample303	HR3	3	6.18176708	3.438221029	4.416490308	0.115522622	0.060637734	0.303278336	162697512.2	18689111.37	23052281.78	2038920.229	7650409.141	1212652.265	71582149.86	14385384.71	37081004.06	16026031.89
sample318	HR3	5	6.549333377	2.535911218	2.118027814	0.128614592	0.074372538	0.200688775	97826028.99	11036284.01	28861989.9	134306.4357	6761634.348	555750.7683	34099940.89	6210514.836	16380753.9	3644798.789
sample333	HR3	8	19.01900939	4.15042861	2.620902539	0.256716841	0.147173305	0.473345913	72102979.1	10556918.88	61641012.06	103583.8321	4885704.079	1074682.258	39784823.49	4644008.47	7924163.152	5839538.532
sample348	HR3	13	15.32626105	4.403309684	2.301210801	0.183797127	0.101535067	0.33278904	92118820.8	2668644.893	63386151.44	30179806.24	2518225.648	1426389.399	51321490.57	12977550.09	8573897.004	5039044.73
sample363	HR3	19	7.912870627	4.137310245	4.345965801	0.105320007	0.036084026	0.270032106	58954784.8	9843769.294	28998143.65	61493605.04	2447762.983	760807.3883	31650785.47	5988213.113	6807728.473	4415079.096
sample378	HR3	25	5.21570671	1.948110631	2.850750882	0.04383671	0.014805035	0.184658341	61804739.91	6205142.754	30224258.02	19900213.17	5581168.154	812618.0833	34444737.38	7520065.971	7299051.712	3033923.009
sample393	HR3	31	9.273075289	3.341450864	4.377249365	0.069700168	0.023865319	0.249339259	93478774.52	4195842.178	21441409.13	15636068.12	3369785.749	1121076.582	32186698.71	4687542.433	2579787.339	2258543.172
sample274	HR4	0	10.10991636	4.210696622	3.68419199	0.444192925	0.264477645	0.482535135	30514405.43	6726087.531	9843594.446	3185342.922	5929751.8	673935.9793	9563402.244	6585991.43	16354376.39	4137996.407
sample289	HR4	1	12.9802165	4.167662166	8.046173185	0.42720311	0.240056704	0.681731011	41542115.98	24842366.28	7084568.802	1288207.516	10160235.81	250771.0631	14592814.74	1180570.621	4763505.126	5184892.118
sample304	HR4	3	11.60460627	4.307569386	5.291260178	0.226206617	0.141495471	0.479276168	117861834.1	22570638.61	23908534.27	3336271.473	11888642.51	812898.633	41855811.9	16774502	31224621.97	5177994.938
sample319	HR4	5	15.27163671	4.310970382	5.11641853	0.255985526	0.159022213	0.481037734	58256298.52	20068462.07	24834065.46	378055.8003	8558763.257	1073258.411	15256651.85	5656134.835	17285551.31	1846172.491
sample334	HR4	8	16.9430656	5.50430483	3.245638708	0.384876485	0.18520475	0.410627173	52015754.48	15266749.49	41342381.52	101632.1921	6062061.341	1271398.795	35533404.27	2530840.862	10175175.94	8485291.647
sample349	HR4	13	7.105294619	3.260322982	3.128916124	0.110788069	0.045820726	0.169498571	59810810.67	10335735.72	39106634.77	2176537.91	3495993.534	1180743.623	54337889.18	3327960.297	7765616.606	7052885.021
sample364	HR4	19	6.119980402	3.681714533	3.686249766	0.138428389	0.067060192	0.239995383	74386303.49	22157693.48	29947167.91	52981135.45	7918239.895	757542.2751	18548915.93	4648934.933	6078733.267	1474949.86
sample379	HR4	25	8.022962181	2.348029183	3.30232282	0.060566428	0.022260234	0.274561061	61362944.49	7261430.866	26378427.59	15606020.58	7656432.886	1348787.386	21836592.52	4225282.934	3512352.458	2089244.135
sample394	HR4	31	16.2633663	5.418615111	6.355818423	0.189297425	0.081719297	0.510333594	92333267.74	3455840.314	25222505.76	3578136.032	3244781.573	1406400.767	25352691.52	2570182.608	3077118.087	2562292.561
sample275	HR5	0	10.30350847	3.471977417	3.291335586	0.388548496	0.279267489	0.557918291	35501228.18	3652327.073	33651274.09	1231399.487	4539239.223	677555.2047	10993142.87	6155094.191	20505561.17	8467536.814
sample290	HR5	1	13.27036592	4.143700253	6.580744413	0.443988891	0.219156238	0.577101366	72483346.45	27900222.18	14201148.05	1984882.939	12541442.53	395415.7363	22811846	4690359.03	7770439.502	10116919.73
sample305	HR5	3	19.18443647	5.494943399	7.179951231	0.524995526	0.311815582	0.791460175	33954296.27	20949046.92	9404661.205	3865006.33	11291219.36	187530.6322	21794810.07	14066672.72	14520496.85	3120509.72
sample320	HR5	5	6.931342093	3.113155269	2.83781153	0.101864861	0.03479504	0.153919965	42848850.85	13406315.39	14378140.44	121754.8459	7637349.423	201448.9268	28433077.1	5680416.991	16675986.44	1221975.908
sample335	HR5	8	12.43270533	3.501322261	5.327671737	0.295682944	0.184848203	0.526117221	52426913.4	4692758.682	35283679.34	2753329.508	5404004.92	821232.7694	62706987.89	29711028.41	16318335.07	7651396.383
sample350	HR5	13	7.283629725	2.65714832	2.259323296	0.067400132	0.025597233	0.153387127	40694827.45	4394528.135	18370677.98	2515359.474	2703810.954	483825.7861	39795339.18	1983418.416	5792544.08	4570950.797
sample365	HR5	19	11.20817941	4.963466668	5.328724385	0.228082323	0.08969546	0.522306898	59637936.05	18478897.49	29707078.15	5243020.517	11214273.45	836961.5582	7847462.828	7289909.886	10124453.41	595481.7129
sample380	HR5	25	18.55705788	7.009489927	4.474581701	0.25238698	0.063823133	0.400249753	85247351.25	4736692.098	29909051.93	47296145.83	7520514.46	2159952.567	48732619.14	10314822.03	14380460.9	8207295.494
sample395	HR5	31	10.92477445	4.936625989	3.703103328	0.122903887	0.026042486	0.345786157	49835446.87	2691975.738	15177261.53	19145611.36	3718323.379	965845.6141	13666897.67	4502662.912	3297724.95	1203480.082
sample106	SR1	25	6.561426757	2.140984673	2.904802191	0.329153448	0.269020621	0.423521925	13757792.34	13203964.27	0	26372.76486	5680034.232	20812506.94	2152676.932	9889.786823	14076463.24	2895509.809
sample121	SR1	31	7.360833855	1.745657576	3.090177435	0.169451125	0.092742833	0.30926841	17181045.87	3214320.605	5022.375946	17076.07822	1651859.449	10522882.08	2056662.95	7533.563919	668478.2384	2099855.383
sample16	SR1	1	2.776962029	1.158223251	3.090047255	0.179586072	0.113862264	0.279921557	18736.93659	23120811.96	17033.57871	13626.86297	4597362.895	17503137.7	1295687.554	6245.645529	12004698.49	1584690.606
sample26	SR1	3	7.680219406	1.879431447	3.237758981	0.141200836	0.090194946	0.327130641	21431.29215	26096662.75	0	5173.07052	6274934.541	19877153.97	472966.4476	5173.07052	24824087.41	805520.981
sample41	SR1	5	4.704916065	2.098680437	4.546386322	0.21386895	0.131003925	0.374477029	9706.924544	7088732.689	0	2677.772288	4422340.933	9916125.504	391958.9186	1673.60768	11242292.23	380913.108
sample56	SR1	8	5.673015235	2.580922293	5.942951751	0.241312232	0.145415036	0.50425256	5287601.109	6376857.695	0	16809.51522	4213136.896	12437024.12	3377367.799	0	17887341.34	638089.1979
sample6	SR1	0	5.233730751	1.52498945	0.859212726	0.257233777	0.236654608	0.274658318	27626.57934	4780289.405	8911.799786	12476.5197	8002350.618	20032834.74	1169228.132	8020.619807	13636390.44	1571150.302
sample71	SR1	13	11.64196908	3.696527799	4.056336979	0.475018805	0.365716859	0.553523009	8239534.185	3769651.56	23192.36644	39248.62013	4758003.176	21990823.45	1445062.832	15164.23959	21150546.18	1273796.126
sample91	SR1	19	4.864546399	2.023220501	3.067058321	0.212605431	0.136993219	0.397301273	6240763.783	3590356.529	6688.443608	14268.6797	3363841.239	16318018.82	909182.4345	5350.754887	13160627.54	751335.1653
sample107	SR2	25	4.032209661	1.52916969	2.341699071	0.260936688	0.208057167	0.312017277	9146388.134	5670628.592	19807.5849	5659.309972	2866440.501	26716659.16	1637427.019	8488.964958	24365215.87	3087153.59
sample122	SR2	31	7.927843516	1.691952335	4.236471583	0.160560177	0.092679517	0.347129558	18531484.36	1686181.596	0	9174.002157	1973633.664	15009890.73	546770.5285	6116.001438	83789.2197	1821345.228
sample17	SR2	1	4.2221545	1.160373267	2.769065818	0.150442365	0.105657664	0.308022906	54491.05003	26276531.99	26850.66233	8686.97899	2277567.946	29478078.61	3495324.455	20532.85943	28213728.31	3015171.435
sample27	SR2	3	3.817851431	1.301380792	2.469197836	0.148690325	0.093963705	0.273018189	73296.84399	19199094.6	14035.56587	26511.62442	3413761.521	25937725.73	4358822.956	7797.536594	27966644.75	8597563.849
sample42	SR2	5	13.59006218	2.748670659	4.490083181	0.350553175	0.240124281	0.663923509	20670.82583	8966216.783	16241.36315	15749.20063	2753157.135	14618211.16	786967.8689	2952.975118	18613094.33	1051751.305
sample57	SR2	8	2.742257575	1.095915996	2.057106308	0.128025528	0.093829783	0.237922457	7418933.464	4551271.217	30823.64906	12754.6134	3061107.217	18543082.12	457040.3137	0	19374257.76	854559.0981
sample7	SR2	0	4.300590629	1.453169133	0.939640815	0.150644419	0.132005804	0.255006258	64388.95045	5834061.133	16888.90504	13722.23534	2709613.702	33034698.25	3442169.958	14777.79191	25823135.8	6179228.13
sample72	SR2	13	6.727046608	2.130584601	2.904993352	0.274488354	0.196248332	0.36711826	8335759.122	4681039.261	14989.20087	11462.33008	2617819.847	22611650.38	1520963.03	5290.306191	24615794.71	1269673.486
sample92	SR2	19	3.696321359	1.685481977	1.527208006	0.146807148	0.118111633	0.233656927	4892596.768	7023104.001	15960.5636	11400.40257	1568239.378	18188658.28	3224489.864	6840.241544	14088617.5	2016047.191
sample108	SR3	25	7.129523163	1.826753071	4.203492747	0.264089323	0.206458968	0.472080935	12759121.83	8218353.341	0	12072.49848	4002033.247	20250107.14	1637332.607	0	15499578.99	2547297.18
sample123	SR3	31	8.273435288	1.564550567	3.139692487	0.154785501	0.083823416	0.35798066	23898759.89	1893493.455	0	20517.73094	2402040.072	11721486.58	2875413.436	0	274058.2633	5895916.541
sample18	SR3	1	5.480970482	1.523209436	4.015196388	0.188459846	0.12418786	0.453818844	0	23373710.29	4225.437233	0	4145153.926	26200527.8	3118372.678	8450.874466	31273869.44	1559186.339
sample28	SR3	3	4.747090623	0.772502761	2.082984241	0.04338163	0.026697702	0.138939805	55504.69421	31915199.17	0	54271.25656	6976323.344	20561405.61	3872994.218	4933.750597	23704204.74	4561252.427
sample43	SR3	5	7.871273181	2.215774195	4.741116369	0.30585507	0.223164664	0.539989642	35151.93961	8951066.852	18440.36176	15559.05524	4089150.221	13205027.81	1310994.469	5186.351746	17533902.73	1378993.303
sample58	SR3	8	7.104650839	2.752292614	6.35147667	0.337279898	0.214334642	0.565852854	4039601.171	5848775.922	9504.222549	11956.92514	2241463.582	4492124.8	1449240.645	3679.05389	5556597.725	728759.258
sample73	SR3	13	12.22143372	3.852017236	5.006038724	0.350854167	0.236983007	0.547557878	5498394.25	3608529.178	4234.652849	21778.21465	2722881.782	14842458.24	2992084.713	4234.652849	13674299	1764640.337
sample8	SR3	0	6.361185496	1.484173863	1.893673187	0.254379185	0.202781929	0.364433335	33005.12459	7829890.138	6908.049332	9210.732443	5344527.5	14928294.61	2269294.206	6140.488295	12453294.04	1472182.069
sample93	SR3	19	3.94366044	1.579313047	3.42952383	0.094632687	0.078498161	0.317891507	11809648.13	10028822	7004.997905	15566.66201	3227747.368	16274166.8	3314142.342	9339.997207	18519657.79	1988641.072
sample109	SR4	25	9.963259297	3.424424635	5.682620114	0.488168245	0.299133593	0.6117985	11206572.42	10808698.43	22880.93281	19067.44401	4677879.596	40124258	5060499.639	7626.977603	26315615.06	3536375.282
sample124	SR4	31	8.963610137	1.638973483	3.563526315	0.152691652	0.108115006	0.307294112	33600959.18	4023341.954	35727.75292	23818.50195	5064408.976	32151007.88	3290923.019	0	2077171.857	4449097.676
sample19	SR4	1	6.694003355	2.294935843	3.650947661	0.308944561	0.206306425	0.483750586	29023.58525	19957983.03	0	15365.42748	2109331.74	31410348.32	2909187.604	23048.14122	20696377.19	3178082.584
sample29	SR4	3	3.721788711	1.387014352	2.541215462	0.12464608	0.094470104	0.276662357	67165.74688	25442956.54	30010.22733	17148.70133	2135013.316	47090333.86	3239675.493	8574.350666	24668406.87	10417836.06
sample44	SR4	5	7.043346363	3.302557932	5.098838989	0.198368601	0.119904439	0.331654546	81424.89092	7876911.395	0	7101.007929	3303388.888	15514755.52	1781879.59	4260.604757	13492388.47	1312739.666
sample59	SR4	8	5.491471363	2.308875024	3.315285497	0.311997171	0.212881579	0.39782072	6733910.121	3309763.313	5351.274557	7358.002516	1476951.778	24969047.08	7169370.088	10702.54911	21219810.35	4108441.041
sample74	SR4	13	9.227872835	4.397295432	4.729031927	0.400854426	0.224468708	0.457421282	2705472.834	1812796.988	3166.764925	2814.902156	1146720.766	8042175.459	1486620.201	2814.902156	7022125.29	608018.8656
sample9	SR4	0	6.54389096	1.863629646	0.808969095	0.290258203	0.247829641	0.277486229	63474.28748	2965901.296	0	13042.66181	4257124.815	34685654.82	1885099.387	6956.086299	17445864.44	3366745.769
sample94	SR4	19	10.14824783	2.725402461	3.66936572	0.327753833	0.200476799	0.500091299	9258013.91	11670051.11	0	16188.1691	3067658.045	40206555.6	8450224.272	0	33074048.29	5573586.622
sample10	SR5	0	11.9158883	1.413701404	1.783506366	0.146298178	0.078618492	0.141096284	89969.1362	5492560.229	0	11107.30077	4650626.831	28235869.28	1487267.573	13328.76092	14852682.58	5594747.396
sample110	SR5	25	6.54672592	1.829929519	3.701260329	0.216943558	0.161769089	0.408245599	13260601.25	7674399.475	0	28071.36569	2411018.409	19980574.29	4226300.057	12476.16253	26653761.72	6035343.623
sample125	SR5	31	9.71566941	1.851531166	5.717651682	0.179347451	0.108451577	0.469197736	21078063.11	3900786.428	0	10731.18687	1747171.363	6231466.077	1750524.858	0	282364.3546	2249525.048
sample20	SR5	1	8.567149169	2.813580481	4.848191606	0.380114287	0.195726012	0.413095702	25541.3943	15829897.05	0	6179.369588	2413249.803	10862507.82	279719.4633	4531.537698	9059367.774	608461.9254
sample30	SR5	3	6.839395378	1.843253499	2.879551496	0.251570295	0.164412924	0.340143759	100688.1195	26519211.41	42059.59421	38235.99473	4030073.845	26209499.86	2285237.952	0	30595168.45	8048676.891
sample45	SR5	5	7.550880147	3.040372879	6.014178454	0.142192038	0.101853475	0.456581698	32405.41754	6212118.542	4050.677192	7291.218946	6349436.498	11677292.21	172963.9161	6076.015788	16992185.75	599095.1567
sample60	SR5	8	5.077495427	2.058436639	2.887533825	0.15972268	0.102487195	0.304165953	5266703.648	5246944.745	0	6373.839584	2146709.172	11795427.53	233282.5288	0	12703062.29	523929.6138
sample75	SR5	13	4.553003703	1.609220973	3.484026506	0.238304291	0.145149031	0.308404344	4830185.509	4380160.792	5585.41316	14362.49098	3708714.338	7820775.299	940344.2013	8378.11974	13320013.51	810283.8663
sample95	SR5	19	12.8293921	3.742695472	6.940790224	0.662271339	0.527458455	0.775844764	13611722.84	12894486.72	7881.715599	0	4504963.445	21047558.53	2850929.128	15763.4312	24773358.09	2639248.766
