Row.names	sampleID	Subject	Vendor	subjectID	Time	Group	Muribaculaceae	Faecalibaculum	Bacteroides-acidifaciens	Akkermansia-muciniphila	Parasutterella	Bacteroides	Lachnospiraceae-NK4A136-group	Alloprevotella	Parabacteroides-goldsteinii	Lachnospiraceae
sample141	1	BI1	Beijing	1	0	Inulin	25580567.39	15034841.93	731117.1952	2803564.186	6520313.663	379782.6676	578919.6468	684177.7644	25603.3259	1514863.449
sample156	2	BI1	Beijing	1	1	Inulin	62930191.4	57628002.34	63283030.6	252027.9997	8175308.258	1785798.398	10227536.26	184820.5331	50405.59994	3497188.53
sample171	3	BI1	Beijing	1	3	Inulin	118385915.3	74746273.63	26425959.9	16002807.27	11998665.47	412798.1239	169705.8954	4155501.114	100906.2081	339411.7908
sample186	4	BI1	Beijing	1	5	Inulin	204296806	41739026.73	751422.7087	7328876.152	11787317.56	0	1137153.033	26765676.88	105199.1792	4688877.702
sample201	5	BI1	Beijing	1	8	Inulin	137016658.2	19375096.97	1531115.351	2224874.962	18767841.05	432518.4608	541513.1129	2856351.915	60552.58451	2366741.017
sample216	6	BI1	Beijing	1	13	Inulin	154480291.1	17605117.96	2135753.316	4995155.284	31633783.92	6781181.743	2709833.249	17387363.5	162765.9582	10494005.22
sample231	7	BI1	Beijing	1	19	Inulin	164395217	9482735.1	753149.7819	6560513.946	25542205.83	1186500.579	1211991.803	16080327.19	90377.97383	3744892.454
sample246	8	BI1	Beijing	1	25	Inulin	162899028.3	25926234.32	2023014.797	3752183.869	26057334.72	1231891.692	153703.9175	11738006.52	63289.84839	395561.5524
sample261	9	BI1	Beijing	1	31	Inulin	93767049.65	5150043.428	1126187.898	1153843.262	9326003.464	424048.9219	755913.2956	5119315.246	215097.2792	2618041.17
sample142	10	BI2	Beijing	2	0	Inulin	12217695.66	8628681.437	1518836.024	124022.601	1957323.514	269793.2411	946921.3757	1537645.139	7641.202907	687708.2617
sample157	11	BI2	Beijing	2	1	Inulin	99956825.01	59140865.24	33289220.07	424301.5027	8455283.567	4442867.184	5214603.975	4246089.675	92239.4571	3163813.378
sample172	12	BI2	Beijing	2	3	Inulin	156657662.7	88660813.15	2789365.326	1967482.699	15067248.68	314725.2947	1480108.1	6121856.589	62945.05893	2215666.074
sample187	13	BI2	Beijing	2	5	Inulin	175617507.3	48241027.84	2315235.377	863797.9423	16858510.03	542683.4656	9755457.802	14646031.28	93123.19825	15747453.94
sample202	14	BI2	Beijing	2	8	Inulin	142401328.8	15832031.79	2040598.752	2517897.892	18044612.83	1453153.657	2075381.685	17947993.57	61836.32582	5511162.538
sample217	15	BI2	Beijing	2	13	Inulin	169199302	20630686.99	1089235.829	462312.3134	22446663.76	490331.2415	486828.8755	16622229.09	141845.8234	2120682.619
sample232	16	BI2	Beijing	2	19	Inulin	207000758.9	5899764.559	1045762.189	229049.6829	21815247.07	647817.285	1191521.078	15542987.57	76349.8943	4085876.162
sample247	17	BI2	Beijing	2	25	Inulin	180649406.7	26708583.14	1179033.244	13298398.22	38935516.44	1826552.397	649628.335	27090345.24	80148.95043	1174814.879
sample262	18	BI2	Beijing	2	31	Inulin	132139750.7	7028779.018	1711336.126	2190423.919	15440870.09	1145926.208	930120.8955	11737650.93	345288.4995	3316927.648
sample143	19	BI3	Beijing	3	0	Inulin	27650502.23	7158633.908	19190045.1	372148.6085	401418.7238	2028000.844	1998730.729	39828264	117080.4611	6340464.495
sample158	20	BI3	Beijing	3	1	Inulin	71545994.19	193841.0722	68731570.93	33549.41633	193841.0722	4264503.587	6784437.526	1293516.385	186385.6463	5971796.108
sample173	21	BI3	Beijing	3	3	Inulin	76648038.67	59168126.59	178439924.4	63721.30336	3637907.137	1396075.828	1036919.391	14192472.11	139028.2982	6815283.036
sample188	22	BI3	Beijing	3	5	Inulin	149128421.9	77540235.42	9542315.299	6410127.64	23561309.07	294479.1816	553263.917	7079398.508	65439.81814	4732488.666
sample203	23	BI3	Beijing	3	8	Inulin	36104214.46	28916463.74	2055198.146	1265993.349	42491874.8	306973.4518	268873.9099	14751054.06	57693.59201	8634444.752
sample218	24	BI3	Beijing	3	13	Inulin	78472063.44	22515853.56	1831006.441	3540196.954	55541784.56	1710446.347	286330.2254	6498942.616	106745.9174	5284550.827
sample233	25	BI3	Beijing	3	19	Inulin	197277016.9	11875809.86	1233477.836	454555.3385	32125588.22	1253337.05	4602924.447	12328158.62	72817.11733	18369772.78
sample248	26	BI3	Beijing	3	25	Inulin	292412651.4	53790761.06	3344366.835	2273467.218	40575684.23	1027010.288	1285957.326	18099959.09	105334.3885	8672531.319
sample263	27	BI3	Beijing	3	31	Inulin	115829361.9	11439455.13	832636.2144	490660.6263	12812933.17	695102.554	879100.2888	10881886.24	249047.4391	4572064.927
sample144	28	BI4	Beijing	4	0	Inulin	20189747.63	2648814.094	5359602.174	59678.65375	103289.9777	1315225.715	3550879.898	2598316.771	64269.31943	8983932.723
sample159	29	BI4	Beijing	4	1	Inulin	120797762.2	75550104.27	22168586.33	1740294.534	8456563.671	1708600.428	24853941.47	752014.691	126776.423	7623873.075
sample174	30	BI4	Beijing	4	3	Inulin	239441843.3	71219605.62	3755151.547	27103491.67	14271084.98	357154.4003	681611.5667	2117774.683	113182.7325	5183769.148
sample189	31	BI4	Beijing	4	5	Inulin	189917904.1	66102183.12	2284191.972	910263.3014	15667907.08	824926.1169	756656.3693	5606653.022	139384.068	4568383.944
sample204	32	BI4	Beijing	4	8	Inulin	124142077.1	14809838.72	3133653.999	594444.6676	19694540.58	1126216.255	146237.1866	19090600	56975.52725	1382606.128
sample219	33	BI4	Beijing	4	13	Inulin	176992715.9	19131591.01	2902523.176	4852109.526	32131747.53	13451854.4	486668.0425	29969426.04	125309.7355	1419205.609
sample234	34	BI4	Beijing	4	19	Inulin	322536393.1	5972034.851	1148826.019	1018594.729	13646378.7	12423134.8	1841842.524	22799777.91	106975.7022	5697618.919
sample249	35	BI4	Beijing	4	25	Inulin	80769875.92	8606610.546	1136399.449	1695097.506	14683877.17	1942140.865	501688.0512	15839279.95	62711.0064	1543070.824
sample264	36	BI4	Beijing	4	31	Inulin	174423118.1	7339452.938	1532224.367	171884.1437	13149137	2313069.477	370778.6529	10764858.37	324124.3854	2234493.869
sample145	37	BI5	Beijing	5	0	Inulin	44612502.03	10757911.17	3589337.497	627965.7065	79127.04613	3833452.852	2452938.43	21337365.59	63975.05857	2707155.11
sample160	38	BI5	Beijing	5	1	Inulin	39273282.27	48673197.42	149146211.7	303079.2935	9292945.984	1709278.074	2609601.858	581644.8206	44570.48434	2516003.841
sample175	39	BI5	Beijing	5	3	Inulin	141721859.2	76802596.98	22963033.89	20610536.42	14666854.9	682788.2192	525686.5051	12860185.19	100706.227	4503582.472
sample190	40	BI5	Beijing	5	5	Inulin	167256867.8	71120861.37	1345151.272	17653286.75	21446554.98	259692.9787	1032936.117	14356061.29	49604.27683	4671555.718
sample205	41	BI5	Beijing	5	8	Inulin	141675875.2	15165619.07	903246.43	966967.5185	23618221.47	506582.6539	858641.668	12914671.62	89209.52395	1835167.35
sample220	42	BI5	Beijing	5	13	Inulin	240680485	21260949.61	3347660.967	8040643.632	39803445.56	3608382.227	511013.6679	27188012.9	135575.0548	1546946.138
sample235	43	BI5	Beijing	5	19	Inulin	135995005.2	7271932.68	1076964.013	2810455.637	17323596.8	3070802.793	1015515.615	14919023.99	87321.40643	4400028.646
sample250	44	BI5	Beijing	5	25	Inulin	97977605.34	11709465.88	1244881.738	4037746.856	20099968.8	1188591.434	647338.504	11863181.71	54125.29297	999152.9083
sample265	45	BI5	Beijing	5	31	Inulin	158643041.7	17799565.25	2739557.331	4077217.048	23660328.59	1526594.706	1092044.233	22409578.97	413767.6245	3905286.209
sample411	46	GI1	Guangdong	6	0	Inulin	8398359.992	2977974.882	194215.7531	202870.6441	232643.469	1500065.701	713855.4064	5197088.924	81702.17066	1836567.862
sample426	47	GI1	Guangdong	6	1	Inulin	80741424.39	41774724.96	169881981	3588428.562	45078074.79	58287910.62	3068159.873	7843228.665	131848.9144	4628965.941
sample441	48	GI1	Guangdong	6	3	Inulin	301667682.4	2888071.942	30080251.47	56047821.62	4530636.737	17821619.05	9792695.456	26164009.2	62693.31278	6649670.709
sample456	49	GI1	Guangdong	6	5	Inulin	263490102	4357171.231	24889931.15	2629045.047	10630842.59	9774969.669	2018877.271	14246803.3	110567.3151	8714342.461
sample471	50	GI1	Guangdong	6	8	Inulin	371753695.7	11540430.06	4707280.682	14186919.66	6173696.231	898071.061	676807.1764	40031409.08	121478.2112	4173644.255
sample486	51	GI1	Guangdong	6	13	Inulin	236563051.9	5173357.49	9979438.08	11485273.37	3609807.255	1353677.721	388264.1524	42934669.72	120676.696	3294998.483
sample501	52	GI1	Guangdong	6	19	Inulin	237236854.9	5711106.277	6220683.1	19748505.54	10210765.77	807631.1907	216329.7832	26997956.95	57687.94219	5384207.938
sample516	53	GI1	Guangdong	6	25	Inulin	69975208.57	10471927.96	6440100.402	234513.46	414908.4293	1497278.245	32768746.16	1380021.515	721579.877	36520961.52
sample531	54	GI1	Guangdong	6	31	Inulin	140691129.3	9995097.629	42816837.14	34223079.21	5512498.946	4161810.077	21129838.99	18394694.03	8568432.511	41483031.88
sample412	55	GI2	Guangdong	7	0	Inulin	14737749.59	4417372.65	343539.6486	784364.8614	280709.3884	805646.0786	4475135.953	10147087.02	284762.9536	5232139.25
sample427	56	GI2	Guangdong	7	1	Inulin	57873392.45	23591053.57	74199699.49	2857466.969	21554502.96	21317187.9	435884.7919	16592681.08	82333.79402	355972.58
sample442	57	GI2	Guangdong	7	3	Inulin	158034007.2	6387909.57	12379692.46	36373232.44	6963026.83	3169013.475	2737675.53	11434856.96	73356.79341	9794599.056
sample457	58	GI2	Guangdong	7	5	Inulin	136885521	7339993.073	16361978.73	6364180.583	15970369.77	2816160.608	3049414.032	21743927	32099.09507	14095782.62
sample472	59	GI2	Guangdong	7	8	Inulin	241671526	13209674.93	1290025.092	3508322.207	5098670.601	222967.2998	200215.5345	31891149.4	59154.58974	814513.1972
sample487	60	GI2	Guangdong	7	13	Inulin	185323212.1	4197234.392	2676653.587	5627227.404	8047215.579	437840.9977	524115.0859	15408552.16	92744.64484	7143494.505
sample502	61	GI2	Guangdong	7	19	Inulin	249698006.2	4752640.124	5545906.558	17117854.62	10544412.89	874448.671	459259.5142	41342634.25	81182.23736	2943435.977
sample517	62	GI2	Guangdong	7	25	Inulin	28045920.38	4290058.102	3344639.893	196218.8737	258652.1517	829470.6934	30645820.46	276490.2311	338923.5091	38035244.86
sample532	63	GI2	Guangdong	7	31	Inulin	137559420.5	8975931.796	19136835.88	52101458.58	8761330.516	2724503.206	45868690.97	5868878.482	4422652.465	26675872.15
sample413	64	GI3	Guangdong	8	0	Inulin	25677827.05	4286107.606	574247.3964	2938165.583	192754.3708	748261.7589	2635648.306	3948787.457	278422.9801	5623341.054
sample428	65	GI3	Guangdong	8	1	Inulin	99732558.56	24744575.55	93360178.53	1055338.144	14538834.9	35630078.11	1747515.809	2706631.946	117949.5573	10984828.51
sample443	66	GI3	Guangdong	8	3	Inulin	135909203.5	10147748.71	49749415.93	49284613.72	9111681.22	10116588.78	1246396.975	8883175.108	72706.49021	3440574.983
sample458	67	GI3	Guangdong	8	5	Inulin	212114816.7	6068520.453	102220183.9	3975145.403	9828282.503	4957595.788	4523050.425	21980438.03	83130.41717	3714418.185
sample473	68	GI3	Guangdong	8	8	Inulin	352728549.5	11971341.56	12307902.4	7238188.364	4639427.386	1831913.476	1235476.531	48520145.54	144848.9726	3344307.161
sample488	69	GI3	Guangdong	8	13	Inulin	161210348.5	3210337.911	11439479.15	6355820.512	4377733.516	1431805.72	139688.3629	26538294.51	79821.92165	1095056.988
sample503	70	GI3	Guangdong	8	19	Inulin	309232211	2422173.167	15636377.67	17640488.92	5146040.501	2288565.75	1021450.25	37802279.09	120677.6667	15860493.34
sample518	71	GI3	Guangdong	8	25	Inulin	121610944	10963000.8	6479238.499	387784.8478	5251253.148	1421877.775	29423175.33	88867.36096	1179512.245	16424304.08
sample533	72	GI3	Guangdong	8	31	Inulin	118395963.1	9855800.553	43732621.08	53096296.64	5287018.515	4003503.329	50456112.55	36297543.47	9363675.559	15960810.61
sample414	73	GI4	Guangdong	9	0	Inulin	17138791.1	7853326.624	213695.9625	966318.1464	465819.7078	172456.3908	3938379.099	1939197.134	100287.1403	4704122.965
sample429	74	GI4	Guangdong	9	1	Inulin	350543152.6	72478891.6	49418338.1	6781728.899	30684982.43	7858512.284	5363852.64	10834714.81	153826.1979	3317295.398
sample444	75	GI4	Guangdong	9	3	Inulin	122007715.8	8864849.728	7051848.72	19905300.67	13497429.9	1009478.961	2851487.985	2633927.864	58016.03225	5792900.82
sample459	76	GI4	Guangdong	9	5	Inulin	141772971.2	15168420.63	8948017.868	6729017.461	29774214.38	1291791.312	21150269.6	3591809.989	0	5554252.54
sample474	77	GI4	Guangdong	9	8	Inulin	112335577.7	8191298.825	2815820.078	6067701.182	20176133.03	420417.5811	260072.2711	8944139.61	41064.04281	1138060.615
sample489	78	GI4	Guangdong	9	13	Inulin	103585560.3	15820180.48	12601615.94	18583571.14	21076630.11	1601195.425	5757834.052	5295728.591	101663.2016	4535565.106
sample504	79	GI4	Guangdong	9	19	Inulin	221302435.4	28075708.86	5803078.301	21584008.17	41704693.75	817739.0931	326378.3223	26260901.93	86077.79928	702968.6941
sample519	80	GI4	Guangdong	9	25	Inulin	99900887.1	8382449.811	1223276.169	173798.7999	12185969.7	487973.5536	4010741.536	60161.12305	842255.7226	20174029.93
sample534	81	GI4	Guangdong	9	31	Inulin	42935273.7	2027954.244	11452634.16	8126714.713	325887.964	1024219.315	21285139.59	4104326.129	1851043.635	9117414.123
sample276	82	HI1	Hunan	10	0	Inulin	26756731.58	6592475.098	3650378.773	10330027.1	9761585.028	457659.4283	2488069.114	5486464.813	9360224.974	8463067.206
sample291	83	HI1	Hunan	10	1	Inulin	241904992.6	34179849.61	153830491.6	67470627.99	37072859.18	804397.7819	6399901.651	2970626.896	4932228.505	8897768.447
sample306	84	HI1	Hunan	10	3	Inulin	178577273.5	65581190.25	78831545.29	39055270.22	33176307.52	549577.1306	1815117.129	7956263.413	2894103.422	6347867.958
sample321	85	HI1	Hunan	10	5	Inulin	156390122.3	11213933.31	60456374.72	51385671.58	21978479.64	563462.1236	8268720.243	4694365.423	1337790.441	8403536.334
sample336	86	HI1	Hunan	10	8	Inulin	134672995.1	13178035.64	70332444.84	91349531.47	21360070.94	623983.5	39608489.06	7529125.411	1644671.742	8450637.467
sample351	87	HI1	Hunan	10	13	Inulin	178764761.5	41435602.26	40525337.96	73104440.16	33665846.31	515506.8203	7992677.817	3622480.359	1551164.666	464420.5588
sample366	88	HI1	Hunan	10	19	Inulin	303732867.6	47966554.63	39609460.12	153373049	17366615.62	878701.724	2383431.286	4193632.262	803276.6833	2296692.489
sample381	89	HI1	Hunan	10	25	Inulin	60862702.29	20369568.61	22815342.95	64028660.91	18779458.76	4144030.673	833084.4572	149741.2862	610849.3737	666705.2503
sample396	90	HI1	Hunan	10	31	Inulin	107319461.9	4633721.594	11837159.35	62652267.41	8403030.657	2158091.148	2111048.29	3986882.285	338120.5478	3243017.08
sample277	91	HI2	Hunan	11	0	Inulin	55264422.22	11508928.51	6618664.592	1959911.221	15447779.22	540719.8433	1996382.061	6548894.289	22443837.72	914942.3741
sample292	92	HI2	Hunan	11	1	Inulin	138460680.6	36542237.85	186661997.3	4844573.412	34025102.57	1824011.074	13289744.68	3418196.752	5938980.057	11750279.34
sample307	93	HI2	Hunan	11	3	Inulin	86374072	28530221.55	162323640	67064582.21	30031524.83	3854254.959	12212419.75	4877870.83	824351.9813	11781136.26
sample322	94	HI2	Hunan	11	5	Inulin	135737383.1	17299320.85	44283046.63	85175546.93	18248673.82	9870257.104	5399758.976	10779425.82	1074928.764	783592.9304
sample337	95	HI2	Hunan	11	8	Inulin	145258055.7	17530532.81	36703602.53	126619824.4	15961504.5	7416763.881	8534601.5	14876619.01	2598148.66	2694470.269
sample352	96	HI2	Hunan	11	13	Inulin	267526137.4	27194797.06	31099181.72	156813050.4	17399861.5	15617538.65	757879.2184	30273354.71	12481486.71	5049043.621
sample367	97	HI2	Hunan	11	19	Inulin	79231667.94	7161268.026	7686260.598	70031107.16	6794564.672	3510063.403	164884.6018	7373639.393	2733127.16	860038.0831
sample382	98	HI2	Hunan	11	25	Inulin	82888884.88	4755196.712	10261523.41	48164924.47	6885113.26	6855714.826	555630.404	3757119.875	2004973.204	5494567.329
sample397	99	HI2	Hunan	11	31	Inulin	52285245.49	4279486.927	6015579.151	39499037.3	3758267.365	5425124.91	161983.0216	2773306.088	483336.4355	1929426.798
sample279	100	HI4	Hunan	12	0	Inulin	22979427.88	3986238.1	9287796.988	1838905.372	8183393.877	498147.2765	2211985.885	2478017.729	15789148.89	1692640.852
sample294	101	HI4	Hunan	12	1	Inulin	63801900.24	31339960.3	292710902.3	9916689.959	21528927.62	1207511.715	5554553.889	11270109.34	6218685.332	4417480.357
sample309	102	HI4	Hunan	12	3	Inulin	20310084.21	3919612.403	148362390.4	33227702.65	9675125.183	1385651.045	1148310.312	540997.2595	638725.7967	3951025.147
sample324	103	HI4	Hunan	12	5	Inulin	437292.1601	34228960.38	313782.1607	160229.1884	69175613.99	46733.51329	357177.5658	40057.2971	176919.7289	96805.13467
sample339	104	HI4	Hunan	12	8	Inulin	122272778.9	28884718.94	24444896.5	147348978.9	15865379.48	11573896.1	1742121.47	17386717.24	3542888.612	6833945.804
sample354	105	HI4	Hunan	12	13	Inulin	197395555.9	35923530.75	17075878.94	97373962.76	9500714.164	13906745.57	695337.2787	17844761.51	5937110.61	7053661.817
sample369	106	HI4	Hunan	12	19	Inulin	80638153.81	10935695.67	11617518.52	66997717.29	3933083.172	4596334.972	395298.0726	6708128.702	3785841.273	4047162.482
sample384	107	HI4	Hunan	12	25	Inulin	58054452.65	3049815.09	9115538.606	51383762.89	3995632.525	4961972.415	119565.6004	1568629.294	739700.6171	514845.906
sample399	108	HI4	Hunan	12	31	Inulin	107768324.4	5057840.603	17214817.85	142625051.7	16078148.89	13414711.55	1143394.817	13212935.99	1557034.707	8158458.313
sample280	109	HI5	Hunan	13	0	Inulin	32864842.57	2833686.626	5095743.6	530431.1176	6396072.311	345037.7173	2304542.962	1122660.035	6053609.502	1888695.266
sample295	110	HI5	Hunan	13	1	Inulin	95497662.17	47103832.14	183335173.9	3630482.691	18114595.93	1479085.541	1500095.279	2664034.752	5840707.107	3672502.167
sample310	111	HI5	Hunan	13	3	Inulin	78540020.31	16684753.89	151946270.2	49383371.22	18751596.53	14172039.95	4033676.765	3425291.633	1079258.556	6938090.716
sample325	112	HI5	Hunan	13	5	Inulin	135809900.8	14880428.72	49616279.79	67491605.17	11573666.78	11623169.2	43740342.03	5940290.905	990048.4842	24231436.65
sample340	113	HI5	Hunan	13	8	Inulin	131634735.4	26898466.34	51277436.49	86677170.6	9970702.956	17132574.04	30409506.18	20094201.16	1501944.821	20347776.26
sample355	114	HI5	Hunan	13	13	Inulin	274846781	27946518.66	31000863.63	141208122.3	20229502.16	15566830.62	2050985.266	36917734.79	10825464.2	24882336.84
sample370	115	HI5	Hunan	13	19	Inulin	80068013.07	12200633.07	15562095.35	40837496.94	7638981.255	5778920.372	638134.4097	8710301.796	2786986.047	4639283.738
sample385	116	HI5	Hunan	13	25	Inulin	34335948.4	1716309.278	8731894.299	32212528.22	2346013.193	6131070.684	834723.7954	4284915.483	849368.0725	3895377.712
sample400	117	HI5	Hunan	13	31	Inulin	65829486.42	7276491.99	6466261.619	83180188.95	9521938.127	5744325.583	150619.7485	2981232.264	403383.9243	737517.3894
sample31	118	SI1	Shanghai	14	0	Inulin	28426.40154	2040090.12	16526.97764	19171.29406	2443348.374	24054685.41	1560807.768	1983.237317	20892082.97	3963830.317
sample46	119	SI1	Shanghai	14	2	Inulin	101785.5137	16133003.92	7633.913528	36897.24872	8145385.734	46681381.22	18531325.09	29263.33519	39588203.24	4375504.77
sample61	120	SI1	Shanghai	14	5	Inulin	54155.56034	9162535.344	0	13172.97414	6974357.973	24174603.04	24960590.49	13904.80603	11599535.56	2061570.452
sample76	121	SI1	Shanghai	14	10	Inulin	94139.00993	318540.1383	24082.07231	42690.94636	7229000.251	33370089.74	25315731.19	15324.9551	12356292.37	9193878.423
sample81	122	SI1	Shanghai	14	13	Inulin	84903.56531	9975495.086	28301.18844	8086.053839	20027807.68	30767434.86	8153437.621	0	9560410.989	8118398.054
sample96	123	SI1	Shanghai	14	19	Inulin	159734880.6	22683605.77	0	76052041.66	51516300.63	43824887.98	3933261.808	23572.6307	5950405.491	7068421.69
sample111	124	SI1	Shanghai	14	25	Inulin	72581199.11	14382198.75	0	49743186.05	22254560.17	16886113.19	24130794.97	0	978091.5767	7013341.862
sample126	125	SI1	Shanghai	14	31	Inulin	23832827.53	8323768.399	22337.69138	14529923.66	4504767.762	11126404.08	7917967.006	0	946373.525	5678985.739
sample32	126	SI2	Shanghai	15	0	Inulin	295.5420268	10703.32318	60.45177821	28.54667304	10750.34123	27008.51113	7323.061244	45.33883366	28214.18826	5974.650747
sample47	127	SI2	Shanghai	15	2	Inulin	27471.42978	8682934.054	15697.95987	0	11594415.05	14191446.29	3993659.104	5886.734952	9603717.513	2912462.118
sample62	128	SI2	Shanghai	15	5	Inulin	76505.22615	10367874.91	0	4722.544824	11281215.08	33040812.61	7982045.262	5667.053789	10421711.92	10743789.48
sample77	129	SI2	Shanghai	15	10	Inulin	69782.27087	2056602.021	15141.43613	14483.11282	11348177.22	23791146.1	7078950.553	15141.43613	12171081.36	1341662.906
sample82	130	SI2	Shanghai	15	13	Inulin	107403.9514	15555085.39	37855.49107	10564.32309	16905558.02	32254639.11	6963649.636	10564.32309	15513708.46	2812751.023
sample97	131	SI2	Shanghai	15	19	Inulin	59485855.03	21093316.07	50508.67994	51345044.26	25004767.67	32591468.51	6289816.202	19312.14233	5527729.355	7222741.232
sample112	132	SI2	Shanghai	15	25	Inulin	121143842	12946257.79	36011.84365	38597494.02	23317668.76	34495745.03	19208717.4	21607.10619	583391.8671	8135075.48
sample127	133	SI2	Shanghai	15	31	Inulin	47718999.12	16975663.06	698258.0055	32457242.07	5965756.529	16932168.87	1512892.345	48196.25964	758209.4504	1169640.935
sample33	134	SI3	Shanghai	16	0	Inulin	17986.06728	1850101.085	4188.536216	6652.381049	2794985.579	14679094.75	323256.4421	3449.382766	6610495.687	608816.0583
sample48	135	SI3	Shanghai	16	2	Inulin	122959.8028	18693533.27	37343.34751	30967.65403	24334200.37	51886304.33	2766140.155	21859.52049	18298240.28	10110028.23
sample63	136	SI3	Shanghai	16	5	Inulin	107189.6395	10947324.49	8388.754397	13049.17351	20546855.77	37745666.45	24813003.42	23302.09555	11022823.28	2904373.189
sample78	137	SI3	Shanghai	16	10	Inulin	100800.1083	1712257.839	9408.010106	29568.03176	16110545.31	46603250.06	18978644.39	9408.010106	16462673.68	3546819.81
sample83	138	SI3	Shanghai	16	13	Inulin	46308.57052	22218290.82	0	8419.740094	29469090.33	37991270.59	6410228.791	12629.61014	13381773.59	2016527.752
sample98	139	SI3	Shanghai	16	19	Inulin	126072139.8	27003936.1	32262.76715	62632785.29	38385523.4	42748166.47	2760258.967	17923.75953	5624475.74	2394614.273
sample113	140	SI3	Shanghai	16	25	Inulin	55072416.07	13941899.42	17538.98601	36484279.8	14747098.33	12674309.07	7849493.465	6377.813094	438474.6502	3471124.776
sample128	141	SI3	Shanghai	16	31	Inulin	53186945.01	18926750.34	532170.2419	20547555.8	7203965.427	12290818.81	9049207.897	45118.78138	80982.42812	2380883.387
sample34	142	SI4	Shanghai	17	0	Inulin	135570.4347	23442112.13	57865.42947	71091.81334	6823160.783	54492701.58	5758436.881	16532.97985	41970622.64	8165638.747
sample49	143	SI4	Shanghai	17	2	Inulin	72561.51837	13833970.51	11703.4707	5149.52711	12608851.2	15909698.08	9616975.948	7958.360079	11133745.75	1331386.827
sample64	144	SI4	Shanghai	17	5	Inulin	64011.3991	16524617.11	4465.911565	11164.77891	15628457.52	23467620.96	4357985.369	9676.141725	9516857.546	2177131.888
sample79	145	SI4	Shanghai	17	10	Inulin	66315.53807	2941476.703	17216.53392	14028.2869	12867764.98	24853660.84	18394910.02	9564.741068	9451877.124	1827503.193
sample84	146	SI4	Shanghai	17	13	Inulin	59680.01047	11128264.02	47332.4221	23666.21105	20345738.74	36595165.04	13724344.48	4115.862791	13653345.84	1311931.265
sample99	147	SI4	Shanghai	17	19	Inulin	148731596.4	12725140.72	0	22569832.61	24332212.49	36086149.25	625360.6013	9475.160626	3373157.183	8598708.268
sample114	148	SI4	Shanghai	17	25	Inulin	154349679.6	8986963.939	36300.48908	26699009.72	21176149.59	16120010.04	640444.343	20743.13662	492649.4946	20400874.86
sample129	149	SI4	Shanghai	17	31	Inulin	53654488.36	16449163.88	362109.6002	11027099.49	5150961.165	7450069.738	419587.3146	28738.85716	582440.8385	11137265.11
sample35	150	SI5	Shanghai	18	0	Inulin	29877.11143	3259592.857	0	12548.3868	3731651.218	17867110.18	956665.1081	10158.21789	13426176.34	3515938.473
sample50	151	SI5	Shanghai	18	2	Inulin	42967.12766	12260065.65	3021.126164	5035.210273	13784055.96	13068720.42	1162126.531	4028.168218	8933805.747	1543124.108
sample65	152	SI5	Shanghai	18	5	Inulin	59089.64295	15967482.17	7303.214297	0	18123258.24	22137370.39	1788623.574	7967.142869	9577833.586	1634592.145
sample80	153	SI5	Shanghai	18	10	Inulin	99894.90453	2012549.343	29302.50533	0	16269550.12	38984319.48	18172881.03	18647.04885	14944277.72	1987242.634
sample85	154	SI5	Shanghai	18	13	Inulin	158747.3596	11100436.12	29157.6783	37796.99038	22361779.42	35657680.73	15196549.96	4319.656044	12322898.78	2073434.901
sample100	155	SI5	Shanghai	18	19	Inulin	46813257.44	16518777.98	22978.65134	38651527.72	16543192.8	13669425.22	5603918.595	10053.15996	2954192.863	5012218.323
sample115	156	SI5	Shanghai	18	25	Inulin	56329909.78	7499284.701	9745.659131	29561020.56	17376510.23	13352771.22	13684123.63	8527.451739	233895.8191	4253980.211
sample130	157	SI5	Shanghai	18	31	Inulin	20720122.08	13106798.97	244897.0576	19870077.52	4349097.091	6904266.017	1166350.846	21972.07245	201410.6642	538315.7751
